4 2 8 1
4 8 8 2
6 1 6 3
7 8 8 4
23 2 4 5
27 2 8 6
28 2 9 7
28 6 1 8
30 6 3 9
31 9 8 10
32 1 7 11
33 5 7 12
33 9 8 13
38 7 9 14
41 3 7 15
41 3 8 16
45 7 3 17
45 8 4 18
46 2 3 19
50 7 2 20
50 8 6 21
51 7 5 22
52 8 6 23
53 3 7 24
53 4 5 25
55 2 6 26
56 7 5 27
57 8 9 28
59 5 5 29
59 7 7 30
59 8 5 31
60 2 1 32
60 3 8 33
62 3 7 34
62 8 6 35
63 2 6 36
64 2 9 37
64 7 2 38
75 2 5 39
79 1 1 40
79 5 5 41
80 5 1 42
81 7 8 43
81 8 6 44
83 7 8 45
84 3 3 46
85 3 2 47
85 4 8 48
88 8 5 49
89 3 8 50
89 5 5 51
89 7 3 52
91 9 5 53
93 2 8 54
94 7 1 55
94 9 5 56
95 1 6 57
95 3 3 58
96 3 2 59
96 4 6 60
98 6 6 61
103 2 9 62
103 5 9 63
105 7 3 64
110 7 4 65
113 2 3 66
113 6 4 67
117 2 2 68
117 3 3 69
117 3 4 70
117 6 2 71
118 6 2 72
119 1 5 73
120 7 1 74
122 2 6 75
122 3 2 76
122 7 7 77
128 7 6 78
131 4 6 79
134 1 6 80
134 5 4 81
135 6 7 82
137 1 7 83
137 1 7 84
137 5 9 85
141 5 4 86
142 5 1 87
144 8 3 88
150 8 7 89
155 9 4 90
157 8 3 91
158 8 5 92
159 2 2 93
159 5 5 94
159 5 6 95
163 8 1 96
163 9 5 97
164 6 3 98
166 7 6 99
169 6 5 100
172 9 8 101
175 6 9 102
178 2 8 103
178 6 1 104
178 9 3 105
180 4 6 106
181 2 9 107
181 6 5 108
183 3 5 109
184 2 3 110
184 9 8 111
190 6 8 112
190 9 2 113
192 8 5 114
193 2 6 115
196 2 8 116
198 3 3 117
199 5 5 118
199 7 5 119
199 7 7 120
203 6 1 121
203 7 9 122
204 6 2 123
207 6 1 124
209 5 7 125
210 6 5 126
212 9 2 127
215 4 7 128
215 9 4 129
216 4 9 130
216 7 3 131
217 9 5 132
217 9 7 133
218 9 4 134
222 2 9 135
222 4 5 136
225 2 8 137
225 9 1 138
227 6 6 139
232 9 2 140
233 2 3 141
233 6 4 142
234 3 3 143
235 2 2 144
238 2 3 145
238 2 4 146
245 7 9 147
246 1 6 148
246 6 4 149
248 7 1 150
254 8 6 151
260 2 2 152
260 9 5 153
262 9 9 154
264 9 9 155
265 8 9 156
270 6 8 157
270 9 1 158
273 1 1 159
273 1 7 160
273 5 7 161
274 5 6 162
278 1 5 163
282 9 5 164
283 2 6 165
283 4 7 166
287 7 5 167
289 3 7 168
291 8 2 169
292 8 5 170
294 4 1 171
295 5 7 172
300 2 7 173
300 4 4 174
304 1 6 175
306 9 9 176
307 4 5 177
307 4 9 178
311 8 5 179
312 4 4 180
316 4 5 181
316 7 2 182
318 3 6 183
321 9 3 184
322 3 9 185
322 4 8 186
322 5 8 187
323 1 7 188
324 1 4 189
324 7 8 190
327 6 8 191
329 1 5 192
331 8 3 193
333 2 2 194
334 7 5 195
340 7 6 196
343 3 7 197
343 6 7 198
344 5 9 199
344 8 7 200
351 3 3 201
356 9 6 202
361 9 1 203
361 9 8 204
364 4 8 205
365 4 4 206
365 4 5 207
365 6 8 208
366 2 8 209
366 5 3 210
369 5 6 211
369 8 1 212
370 9 4 213
372 6 7 214
373 5 1 215
376 1 9 216
377 7 6 217
379 8 5 218
383 9 9 219
388 3 3 220
389 3 1 221
391 9 5 222
391 9 6 223
392 5 1 224
392 7 6 225
394 1 4 226
405 6 6 227
405 8 9 228
414 3 4 229
414 7 4 230
416 3 9 231
416 7 1 232
416 7 7 233
416 9 3 234
417 6 7 235
418 3 2 236
418 5 2 237
419 8 8 238
422 7 1 239
424 7 1 240
425 8 9 241
431 2 4 242
435 5 7 243
435 7 8 244
440 4 4 245
441 8 5 246
441 8 8 247
442 6 7 248
446 9 6 249
448 4 6 250
449 7 5 251
451 8 5 252
453 4 5 253
453 7 4 254
454 8 5 255
457 9 7 256
458 3 2 257
458 4 5 258
463 6 2 259
465 8 1 260
466 1 3 261
466 7 2 262
466 8 6 263
467 5 5 264
469 3 7 265
470 7 1 266
470 7 9 267
474 9 5 268
479 8 8 269
481 3 1 270
481 3 6 271
488 1 1 272
494 3 3 273
496 2 3 274
496 3 7 275
498 7 1 276
501 2 9 277
503 8 5 278
504 4 8 279
508 7 8 280
510 4 7 281
511 3 2 282
511 4 2 283
512 7 7 284
513 4 1 285
514 4 9 286
514 7 7 287
515 5 3 288
516 2 9 289
519 4 1 290
520 9 1 291
525 5 2 292
526 6 1 293
527 7 1 294
527 9 1 295
528 4 7 296
535 2 5 297
535 8 9 298
538 5 7 299
539 4 1 300
539 7 1 301
541 6 4 302
543 2 1 303
547 7 6 304
548 9 6 305
549 7 8 306
550 4 9 307
553 9 1 308
565 4 9 309
566 3 8 310
571 3 3 311
574 1 9 312
575 5 7 313
577 2 7 314
577 9 6 315
581 5 1 316
582 1 1 317
582 4 1 318
583 3 9 319
583 9 7 320
585 3 9 321
593 6 9 322
593 7 2 323
596 6 4 324
597 9 6 325
599 8 3 326
601 1 1 327
603 8 8 328
604 3 9 329
604 4 7 330
604 7 8 331
606 8 6 332
607 2 2 333
608 1 5 334
609 6 1 335
613 7 5 336
616 1 4 337
616 6 2 338
617 1 1 339
617 8 4 340
620 4 2 341
621 6 7 342
623 5 2 343
625 1 2 344
625 3 6 345
625 6 5 346
626 6 9 347
628 4 4 348
635 5 7 349
635 9 5 350
636 1 3 351
638 8 3 352
640 4 5 353
641 5 7 354
642 4 8 355
642 9 9 356
645 7 1 357
646 5 3 358
646 8 6 359
646 8 9 360
649 3 8 361
650 3 3 362
651 4 1 363
656 5 1 364
656 8 6 365
660 9 3 366
663 4 1 367
669 8 8 368
670 1 7 369
672 4 9 370
674 5 5 371
674 6 9 372
675 3 7 373
675 7 3 374
676 4 6 375
676 9 6 376
677 7 3 377
678 4 4 378
679 2 1 379
680 3 5 380
682 1 2 381
683 2 7 382
683 5 2 383
686 8 1 384
691 7 9 385
692 2 1 386
693 2 3 387
693 3 5 388
694 7 8 389
694 9 9 390
695 5 9 391
698 5 9 392
699 7 6 393
699 7 6 394
700 1 1 395
703 1 7 396
703 3 1 397
707 4 7 398
707 9 6 399
709 2 4 400
712 1 1 401
712 9 1 402
713 2 7 403
714 5 7 404
717 1 3 405
727 2 8 406
728 3 5 407
729 5 5 408
730 1 4 409
730 6 8 410
731 1 5 411
731 3 6 412
731 8 4 413
732 8 3 414
733 4 6 415
733 7 7 416
735 4 5 417
737 2 9 418
740 2 3 419
742 9 2 420
744 4 5 421
746 8 9 422
747 6 4 423
754 9 7 424
756 5 2 425
757 4 6 426
758 7 5 427
761 3 7 428
762 9 6 429
763 8 3 430
766 9 2 431
767 3 5 432
769 5 4 433
772 6 4 434
773 5 4 435
775 1 4 436
777 7 8 437
786 4 2 438
786 8 1 439
787 5 8 440
788 3 2 441
789 9 5 442
795 2 1 443
795 4 3 444
796 3 4 445
797 1 9 446
797 8 9 447
801 1 4 448
801 2 9 449
802 4 8 450
803 8 9 451
808 4 1 452
810 5 9 453
811 9 5 454
812 2 5 455
815 8 5 456
816 4 6 457
817 3 3 458
822 9 5 459
823 1 2 460
823 3 1 461
823 5 8 462
823 9 6 463
825 6 5 464
826 9 5 465
827 4 1 466
830 9 8 467
835 6 4 468
835 6 6 469
839 5 6 470
840 8 8 471
841 2 2 472
843 1 5 473
845 4 2 474
851 2 8 475
853 2 7 476
857 8 8 477
858 1 5 478
861 1 1 479
863 7 4 480
869 3 4 481
870 6 5 482
871 7 2 483
873 3 1 484
877 4 6 485
878 6 1 486
879 6 6 487
881 2 1 488
883 5 5 489
884 7 8 490
885 7 7 491
889 2 4 492
893 6 8 493
896 7 2 494
899 7 9 495
900 9 1 496
901 9 1 497
902 3 3 498
904 4 3 499
905 7 8 500
908 2 1 501
908 5 5 502
910 2 5 503
913 2 3 504
913 9 6 505
918 7 1 506
921 4 8 507
922 1 8 508
922 4 6 509
923 4 7 510
924 3 5 511
931 3 4 512
931 7 2 513
938 6 6 514
939 2 1 515
940 6 6 516
942 4 1 517
942 9 2 518
943 8 4 519
943 9 1 520
944 3 8 521
944 6 2 522
946 7 9 523
946 9 4 524
948 5 1 525
949 5 4 526
957 9 3 527
964 6 6 528
968 3 9 529
968 4 1 530
971 2 6 531
973 3 6 532
974 9 6 533
976 2 2 534
976 2 9 535
976 3 9 536
977 4 3 537
977 9 3 538
978 7 9 539
979 8 3 540
982 3 8 541
982 5 6 542
985 1 8 543
985 2 5 544
985 4 7 545
985 8 7 546
985 8 9 547
986 7 2 548
991 7 3 549
991 9 9 550
992 9 5 551
993 2 9 552
993 4 8 553
994 6 7 554
997 4 4 555
998 4 2 556
999 6 5 557
1000 1 5 558
1000 3 5 559
1001 7 9 560
1005 3 6 561
1007 2 6 562
1008 2 5 563
1012 3 7 564
1012 4 7 565
1017 6 3 566
1020 8 7 567
1021 9 3 568
1026 1 2 569
1026 1 9 570
1028 2 4 571
1028 3 4 572
1029 2 9 573
1030 5 1 574
1030 6 8 575
1035 6 7 576
1040 5 2 577
1042 1 9 578
1044 6 9 579
1045 6 5 580
1046 3 9 581
1047 5 7 582
1047 8 7 583
1048 2 5 584
1048 6 6 585
1049 5 2 586
1050 2 2 587
1054 6 2 588
1055 4 3 589
1060 3 4 590
1061 8 7 591
1062 1 1 592
1062 4 9 593
1063 1 2 594
1063 1 3 595
1063 2 6 596
1065 7 1 597
1066 9 3 598
1070 7 4 599
1077 5 8 600
1078 6 2 601
1078 7 9 602
1082 9 3 603
1083 8 1 604
1084 7 9 605
1085 2 9 606
1085 7 3 607
1086 2 4 608
1086 8 8 609
1088 5 5 610
1090 1 8 611
1090 9 5 612
1092 8 2 613
1093 2 9 614
1096 4 6 615
1100 7 6 616
1101 7 5 617
1103 6 2 618
1103 6 6 619
1104 7 6 620
1109 5 7 621
1111 7 3 622
1112 4 7 623
1114 8 6 624
1116 9 4 625
1120 6 5 626
1120 8 4 627
1122 7 1 628
1123 4 7 629
1123 7 3 630
1125 8 1 631
1126 9 9 632
1127 8 3 633
1128 7 2 634
1129 2 2 635
1130 9 8 636
1136 3 7 637
1139 7 6 638
1140 6 8 639
1142 3 6 640
1147 8 7 641
1150 6 9 642
1151 9 9 643
1152 1 4 644
1153 5 7 645
1153 7 1 646
1154 1 8 647
1154 8 6 648
1155 1 1 649
1156 4 7 650
1156 4 7 651
1156 4 8 652
1156 6 2 653
1159 3 3 654
1160 3 6 655
1161 5 8 656
1163 8 3 657
1164 4 9 658
1166 2 7 659
1168 1 9 660
1169 1 7 661
1169 9 6 662
1170 7 9 663
1171 1 1 664
1171 3 1 665
1174 7 7 666
1178 6 9 667
1186 4 5 668
1191 6 2 669
1191 6 8 670
1194 7 9 671
1195 7 8 672
1198 8 9 673
1199 9 8 674
1211 8 6 675
1211 9 2 676
1212 5 7 677
1213 7 1 678
1215 2 9 679
1215 3 6 680
1217 2 7 681
1217 9 5 682
1219 7 1 683
1220 5 7 684
1228 2 5 685
1230 1 8 686
1234 3 1 687
1235 3 5 688
1239 4 6 689
1241 2 3 690
1243 7 8 691
1244 3 8 692
1245 4 4 693
1246 5 3 694
1248 1 4 695
1248 7 9 696
1250 6 3 697
1250 7 8 698
1250 8 3 699
1251 2 2 700
1254 6 1 701
1259 8 5 702
1260 5 9 703
1262 5 8 704
1262 7 6 705
1263 6 8 706
1267 9 5 707
1268 4 6 708
1268 7 3 709
1269 9 9 710
1276 8 4 711
1278 1 4 712
1283 4 8 713
1283 5 6 714
1284 4 1 715
1286 3 3 716
1293 8 8 717
1293 9 9 718
1294 1 2 719
1294 8 8 720
1297 8 2 721
1299 6 7 722
1299 7 6 723
1301 8 1 724
1302 3 7 725
1304 9 2 726
1305 4 6 727
1306 2 5 728
1308 1 8 729
1309 9 4 730
1310 6 5 731
1312 7 5 732
1317 1 9 733
1318 8 9 734
1320 2 1 735
1320 6 6 736
1320 9 6 737
1328 9 4 738
1336 4 8 739
1336 7 2 740
1339 5 4 741
1347 1 3 742
1347 7 7 743
1353 5 5 744
1354 3 2 745
1355 2 7 746
1355 6 5 747
1364 9 3 748
1365 9 9 749
1368 4 4 750
1371 9 3 751
1372 1 5 752
1372 2 8 753
1373 1 2 754
1375 8 2 755
1376 9 6 756
1384 6 7 757
1388 6 6 758
1390 5 3 759
1390 9 6 760
1390 9 8 761
1391 3 4 762
1391 3 9 763
1392 3 8 764
1392 7 1 765
1392 7 8 766
1393 2 9 767
1395 1 4 768
1395 6 7 769
1395 6 7 770
1398 7 1 771
1402 6 3 772
1402 7 2 773
1406 8 2 774
1407 2 8 775
1408 2 6 776
1408 4 9 777
1412 2 6 778
1413 2 2 779
1414 1 6 780
1416 3 2 781
1420 8 3 782
1421 4 8 783
1428 8 3 784
1431 1 8 785
1434 7 5 786
1437 3 1 787
1440 8 6 788
1441 5 2 789
1441 8 5 790
1443 7 1 791
1445 1 7 792
1445 9 2 793
1450 8 2 794
1452 8 6 795
1454 2 1 796
1456 3 9 797
1458 1 2 798
1459 4 2 799
1459 8 2 800
1459 9 7 801
1460 9 3 802
1467 9 6 803
1471 9 1 804
1473 4 2 805
1473 9 9 806
1474 2 2 807
1475 7 8 808
1476 7 9 809
1476 9 2 810
1477 8 4 811
1480 8 8 812
1481 3 2 813
1483 9 2 814
1484 5 8 815
1484 6 6 816
1486 9 4 817
1487 2 5 818
1487 6 2 819
1488 3 2 820
1491 9 7 821
1493 2 1 822
1493 3 1 823
1496 2 7 824
1496 4 6 825
1497 4 4 826
1497 7 6 827
1498 7 9 828
1501 6 6 829
1505 1 5 830
1507 5 3 831
1508 5 4 832
1509 7 1 833
1513 1 5 834
1513 6 3 835
1518 6 8 836
1519 2 8 837
1520 9 5 838
1521 4 5 839
1523 4 6 840
1526 1 6 841
1526 1 8 842
1527 3 8 843
1529 8 1 844
1531 3 8 845
1531 8 7 846
1532 2 5 847
1533 1 5 848
1533 7 8 849
1534 7 5 850
1535 6 2 851
1535 6 9 852
1537 8 6 853
1538 8 7 854
1541 5 2 855
1543 3 8 856
1545 7 3 857
1548 2 7 858
1548 4 1 859
1548 7 8 860
1551 9 1 861
1552 7 6 862
1556 6 3 863
1562 3 5 864
1564 1 9 865
1566 2 9 866
1566 6 3 867
1567 9 3 868
1569 7 9 869
1570 7 5 870
1571 8 4 871
1572 1 2 872
1576 4 7 873
1580 4 5 874
1582 4 2 875
1584 4 1 876
1589 5 1 877
1589 7 1 878
1590 2 8 879
1591 1 6 880
1593 2 7 881
1601 8 4 882
1603 1 9 883
1604 3 5 884
1606 6 1 885
1608 8 5 886
1609 1 4 887
1611 1 4 888
1613 2 7 889
1616 4 3 890
1616 8 1 891
1618 1 2 892
1619 5 3 893
1620 8 7 894
1620 9 7 895
1621 5 6 896
1622 7 4 897
1622 8 9 898
1627 2 8 899
1629 5 6 900
1630 6 1 901
1630 7 6 902
1632 9 7 903
1633 2 5 904
1634 3 6 905
1635 2 8 906
1636 1 8 907
1636 5 5 908
1644 3 2 909
1645 6 6 910
1647 4 7 911
1651 9 9 912
1654 2 4 913
1655 1 4 914
1656 7 3 915
1659 6 1 916
1661 5 2 917
1665 4 5 918
1668 7 7 919
1669 2 6 920
1673 2 5 921
1674 7 3 922
1677 8 2 923
1679 6 6 924
1681 1 3 925
1681 5 7 926
1685 1 2 927
1686 2 2 928
1687 5 6 929
1687 8 5 930
1690 1 6 931
1692 8 1 932
1696 1 6 933
1697 7 2 934
1699 9 2 935
1701 4 9 936
1702 9 8 937
1703 2 3 938
1703 8 9 939
1709 2 7 940
1715 6 5 941
1716 9 5 942
1718 7 2 943
1719 7 6 944
1721 3 8 945
1722 1 9 946
1724 3 1 947
1725 3 9 948
1725 7 2 949
1725 9 4 950
1727 5 1 951
1729 1 3 952
1729 1 7 953
1731 7 7 954
1733 5 9 955
1735 2 9 956
1736 5 5 957
1737 6 8 958
1739 8 3 959
1742 4 1 960
1744 9 2 961
1745 2 5 962
1748 7 7 963
1749 2 5 964
1751 1 9 965
1753 1 6 966
1759 4 3 967
1762 7 6 968
1762 8 5 969
1763 1 7 970
1766 7 9 971
1767 3 7 972
1768 5 1 973
1768 9 1 974
1769 9 4 975
1771 3 8 976
1771 5 4 977
1777 1 2 978
1777 7 6 979
1779 3 9 980
1779 6 4 981
1779 6 9 982
1781 9 1 983
1786 5 5 984
1787 3 6 985
1787 3 8 986
1787 8 1 987
1788 1 8 988
1791 8 2 989
1792 4 6 990
1792 5 2 991
1792 8 5 992
1795 5 4 993
1797 4 4 994
1798 5 6 995
1801 4 1 996
1801 5 1 997
1801 8 5 998
1803 1 2 999
1804 2 6 1000
1804 6 4 1001
1806 4 5 1002
1808 4 6 1003
1809 6 1 1004
1811 1 5 1005
1811 5 9 1006
1812 1 1 1007
1812 5 2 1008
1817 3 1 1009
1818 2 5 1010
1820 3 1 1011
1821 1 5 1012
1821 1 5 1013
1821 5 9 1014
1822 1 3 1015
1828 2 9 1016
1828 2 9 1017
1831 9 1 1018
1832 9 7 1019
1837 5 1 1020
1842 7 1 1021
1844 6 8 1022
1845 4 5 1023
1846 6 6 1024
1847 1 2 1025
1847 9 1 1026
1848 8 4 1027
1849 2 7 1028
1851 5 6 1029
1854 4 5 1030
1854 7 8 1031
1855 5 3 1032
1857 7 1 1033
1857 7 4 1034
1859 1 9 1035
1862 8 2 1036
1863 4 3 1037
1866 3 5 1038
1867 9 6 1039
1869 2 5 1040
1869 4 6 1041
1870 5 2 1042
1870 6 5 1043
1871 4 2 1044
1874 9 9 1045
1876 5 6 1046
1878 7 4 1047
1879 5 4 1048
1881 4 8 1049
1883 5 3 1050
1890 4 2 1051
1891 2 5 1052
1891 4 2 1053
1894 1 6 1054
1895 3 3 1055
1896 4 8 1056
1896 7 7 1057
1896 9 4 1058
1901 6 9 1059
1903 8 6 1060
1906 7 9 1061
1907 8 4 1062
1911 2 9 1063
1913 9 9 1064
1914 6 4 1065
1918 8 6 1066
1921 8 1 1067
1922 4 4 1068
1925 9 2 1069
1928 9 4 1070
1929 1 1 1071
1929 4 2 1072
1930 2 6 1073
1930 7 4 1074
1932 7 1 1075
1934 3 9 1076
1935 1 3 1077
1938 9 1 1078
1943 6 9 1079
1947 6 8 1080
1948 2 7 1081
1951 1 8 1082
1953 3 2 1083
1957 3 1 1084
1957 6 1 1085
1958 7 5 1086
1960 1 7 1087
1964 9 9 1088
1965 5 5 1089
1967 3 2 1090
1974 8 2 1091
1976 1 1 1092
1978 3 3 1093
1980 4 8 1094
1980 6 1 1095
1981 8 3 1096
1983 8 8 1097
1984 4 9 1098
1989 8 8 1099
1991 1 2 1100
1991 3 1 1101
1991 7 2 1102
1994 6 4 1103
1995 7 9 1104
1996 2 6 1105
1997 1 7 1106
1997 8 4 1107
2003 9 2 1108
2005 2 1 1109
2007 8 9 1110
2008 2 6 1111
2009 2 9 1112
2011 3 7 1113
2011 4 2 1114
2013 4 9 1115
2015 6 1 1116
2018 1 8 1117
2019 7 4 1118
2022 6 8 1119
2022 9 2 1120
2023 4 2 1121
2023 7 4 1122
2024 4 6 1123
2024 7 6 1124
2025 5 4 1125
2028 4 5 1126
2029 9 1 1127
2034 8 8 1128
2035 3 2 1129
2035 6 6 1130
2035 8 9 1131
2036 7 3 1132
2040 2 3 1133
2041 6 1 1134
2043 5 3 1135
2045 9 9 1136
2046 3 5 1137
2046 6 2 1138
2047 8 6 1139
2050 8 3 1140
2053 6 3 1141
2058 2 1 1142
2058 4 3 1143
2059 9 3 1144
2062 4 2 1145
2062 8 1 1146
2065 3 1 1147
2066 2 7 1148
2069 2 3 1149
2071 1 9 1150
2075 5 5 1151
2077 4 8 1152
2078 2 7 1153
2080 3 5 1154
2080 3 7 1155
2082 2 1 1156
2082 2 9 1157
2087 3 9 1158
2093 9 3 1159
2094 1 5 1160
2098 5 4 1161
2098 6 2 1162
2103 7 4 1163
2104 1 3 1164
2105 2 3 1165
2107 1 8 1166
2108 2 3 1167
2110 8 2 1168
2111 5 7 1169
2112 8 8 1170
2113 5 9 1171
2113 7 1 1172
2117 8 5 1173
2118 8 2 1174
2120 2 5 1175
2122 2 9 1176
2122 5 7 1177
2123 7 6 1178
2128 9 3 1179
2133 4 1 1180
2133 4 8 1181
2134 2 5 1182
2137 3 4 1183
2138 1 3 1184
2139 5 4 1185
2141 5 8 1186
2142 6 1 1187
2142 9 8 1188
2145 1 5 1189
2146 6 8 1190
2146 8 2 1191
2148 1 6 1192
2148 5 6 1193
2149 3 8 1194
2149 4 9 1195
2149 8 8 1196
2150 9 3 1197
2152 3 9 1198
2153 8 7 1199
2154 8 8 1200
2162 6 9 1201
2165 6 4 1202
2166 6 1 1203
2171 5 8 1204
2172 6 7 1205
2173 5 9 1206
2178 9 5 1207
2179 6 8 1208
2179 8 1 1209
2181 3 5 1210
2181 5 9 1211
2183 1 1 1212
2183 4 9 1213
2186 7 9 1214
2189 7 8 1215
2190 3 4 1216
2197 4 9 1217
2197 9 3 1218
2198 7 3 1219
2203 4 2 1220
2203 6 6 1221
2205 2 4 1222
2207 2 3 1223
2208 3 7 1224
2210 7 6 1225
2215 8 8 1226
2217 1 5 1227
2218 2 5 1228
2219 7 5 1229
2220 1 8 1230
2220 7 4 1231
2222 2 5 1232
2224 7 2 1233
2225 8 1 1234
2226 1 9 1235
2230 8 1 1236
2233 1 2 1237
2235 7 4 1238
2240 2 6 1239
2242 1 2 1240
2243 1 9 1241
2243 9 1 1242
2245 1 8 1243
2248 1 7 1244
2250 7 8 1245
2253 9 1 1246
2255 4 1 1247
2256 3 5 1248
2256 7 8 1249
2257 8 5 1250
2258 8 6 1251
2259 4 9 1252
2259 7 1 1253
2263 2 3 1254
2263 5 7 1255
2265 7 5 1256
2266 5 5 1257
2270 1 7 1258
2270 3 4 1259
2271 3 2 1260
2272 9 1 1261
2276 3 3 1262
2277 6 6 1263
2279 4 4 1264
2280 6 1 1265
2282 3 8 1266
2282 9 1 1267
2283 8 3 1268
2284 1 8 1269
2287 5 8 1270
2288 4 6 1271
2290 7 1 1272
2292 7 1 1273
2292 8 1 1274
2292 8 8 1275
2293 3 1 1276
2293 4 6 1277
2295 6 7 1278
2296 8 4 1279
2301 3 2 1280
2301 5 4 1281
2304 1 2 1282
2304 4 4 1283
2305 6 5 1284
2308 1 3 1285
2311 4 1 1286
2313 1 5 1287
2313 8 3 1288
2314 2 6 1289
2314 4 6 1290
2315 7 5 1291
2317 4 8 1292
2317 5 9 1293
2319 3 9 1294
2320 4 9 1295
2320 6 4 1296
2321 3 5 1297
2321 6 5 1298
2322 4 7 1299
2324 1 7 1300
2324 3 2 1301
2325 5 2 1302
2326 7 2 1303
2330 9 8 1304
2332 2 9 1305
2333 9 3 1306
2336 6 1 1307
2337 8 4 1308
2341 6 8 1309
2343 8 8 1310
2349 1 8 1311
2349 8 2 1312
2355 2 1 1313
2356 3 5 1314
2357 6 6 1315
2358 1 8 1316
2358 3 9 1317
2360 4 4 1318
2361 9 1 1319
2361 9 9 1320
2363 2 6 1321
2363 2 8 1322
2368 7 5 1323
2372 5 7 1324
2377 7 3 1325
2378 3 9 1326
2378 5 4 1327
2380 9 8 1328
2383 8 8 1329
2385 1 7 1330
2387 4 4 1331
2387 9 4 1332
2389 3 7 1333
2389 7 2 1334
2391 1 8 1335
2391 7 7 1336
2393 5 4 1337
2393 8 5 1338
2394 4 9 1339
2394 5 4 1340
2398 7 1 1341
2401 4 3 1342
2402 4 2 1343
2403 5 2 1344
2403 9 5 1345
2405 8 1 1346
2407 3 5 1347
2407 8 6 1348
2410 2 6 1349
2411 7 1 1350
2413 2 9 1351
2420 2 2 1352
2424 2 9 1353
2425 6 5 1354
2428 3 5 1355
2428 4 5 1356
2428 9 2 1357
2432 5 9 1358
2433 7 4 1359
2436 8 6 1360
2437 2 1 1361
2442 5 8 1362
2443 5 4 1363
2445 7 1 1364
2446 3 8 1365
2448 4 8 1366
2453 8 5 1367
2456 9 2 1368
2456 9 4 1369
2458 8 4 1370
2460 4 5 1371
2464 5 1 1372
2467 3 3 1373
2467 7 4 1374
2473 3 8 1375
2476 3 8 1376
2477 1 3 1377
2478 6 3 1378
2478 9 4 1379
2482 6 5 1380
2482 8 4 1381
2484 9 1 1382
2486 2 4 1383
2486 9 7 1384
2489 1 5 1385
2491 2 4 1386
2501 7 3 1387
2503 3 8 1388
2504 2 4 1389
2505 6 7 1390
2506 2 7 1391
2507 1 2 1392
2509 5 7 1393
2511 3 4 1394
2511 5 5 1395
2512 4 7 1396
2513 6 1 1397
2519 3 6 1398
2521 8 2 1399
2522 2 2 1400
2522 5 4 1401
2525 8 9 1402
2526 1 4 1403
2526 3 3 1404
2526 8 1 1405
2527 3 9 1406
2527 5 4 1407
2529 6 6 1408
2531 7 1 1409
2532 2 9 1410
2532 3 6 1411
2535 1 4 1412
2535 8 5 1413
2535 9 2 1414
2537 1 9 1415
2538 8 4 1416
2540 2 4 1417
2540 8 6 1418
2542 5 7 1419
2550 4 9 1420
2550 5 9 1421
2551 2 9 1422
2552 9 5 1423
2554 1 2 1424
2559 3 3 1425
2561 7 8 1426
2561 9 4 1427
2564 7 7 1428
2565 6 4 1429
2567 3 2 1430
2570 8 1 1431
2571 5 2 1432
2572 2 2 1433
2572 5 6 1434
2575 7 3 1435
2576 3 3 1436
2577 3 7 1437
2581 6 1 1438
2581 8 7 1439
2583 4 1 1440
2584 3 6 1441
2585 8 3 1442
2587 3 6 1443
2588 4 3 1444
2588 5 1 1445
2588 9 4 1446
2590 3 5 1447
2590 6 8 1448
2593 3 6 1449
2593 7 7 1450
2594 2 8 1451
2594 3 7 1452
2595 8 1 1453
2597 1 9 1454
2599 2 2 1455
2602 8 9 1456
2605 1 7 1457
2606 3 9 1458
2606 6 5 1459
2606 9 9 1460
2609 3 8 1461
2611 1 1 1462
2611 5 7 1463
2612 9 1 1464
2625 7 7 1465
2626 6 6 1466
2628 9 5 1467
2634 8 8 1468
2637 6 7 1469
2644 7 6 1470
2644 9 7 1471
2646 8 5 1472
2647 9 6 1473
2648 5 8 1474
2649 2 4 1475
2649 5 1 1476
2650 9 6 1477
2651 8 3 1478
2652 4 1 1479
2656 3 3 1480
2658 2 6 1481
2658 4 1 1482
2658 4 7 1483
2659 1 9 1484
2662 6 5 1485
2663 3 7 1486
2664 1 7 1487
2664 2 3 1488
2667 3 8 1489
2669 2 3 1490
2669 5 6 1491
2670 6 9 1492
2673 1 6 1493
2675 1 4 1494
2675 4 7 1495
2679 3 9 1496
2680 2 9 1497
2680 4 2 1498
2680 5 5 1499
2682 4 6 1500
2684 7 8 1501
2685 6 4 1502
2686 4 7 1503
2687 2 2 1504
2688 2 4 1505
2688 5 6 1506
2691 4 1 1507
2692 8 3 1508
2693 2 4 1509
2693 4 2 1510
2694 1 3 1511
2695 5 6 1512
2696 1 1 1513
2696 2 8 1514
2697 8 5 1515
2698 1 9 1516
2703 2 1 1517
2707 7 1 1518
2709 5 8 1519
2709 6 7 1520
2711 1 1 1521
2715 8 2 1522
2720 8 6 1523
2722 1 8 1524
2723 9 1 1525
2725 6 4 1526
2726 4 9 1527
2729 3 3 1528
2729 9 8 1529
2730 4 9 1530
2731 7 1 1531
2739 7 4 1532
2743 7 7 1533
2745 1 6 1534
2746 5 8 1535
2747 4 5 1536
2750 5 9 1537
2752 2 2 1538
2752 2 8 1539
2752 8 4 1540
2753 7 4 1541
2757 5 3 1542
2758 7 8 1543
2758 8 7 1544
2761 4 2 1545
2761 4 9 1546
2765 1 3 1547
2765 7 4 1548
2767 5 8 1549
2767 8 6 1550
2770 5 9 1551
2771 3 3 1552
2771 3 3 1553
2774 3 4 1554
2776 6 5 1555
2777 4 1 1556
2781 2 3 1557
2781 3 6 1558
2782 7 1 1559
2783 3 8 1560
2783 7 2 1561
2786 1 8 1562
2790 6 4 1563
2791 8 8 1564
2791 8 9 1565
2792 8 7 1566
2793 2 3 1567
2793 9 9 1568
2797 6 9 1569
2798 8 1 1570
2802 1 8 1571
2802 3 3 1572
2805 2 4 1573
2806 6 6 1574
2807 2 8 1575
2808 1 6 1576
2809 4 6 1577
2810 5 3 1578
2811 2 7 1579
2812 8 5 1580
2815 8 1 1581
2819 9 6 1582
2823 1 3 1583
2826 6 4 1584
2827 6 2 1585
2831 4 2 1586
2837 9 7 1587
2839 3 8 1588
2841 2 4 1589
2843 1 1 1590
2844 4 5 1591
2845 1 1 1592
2845 7 2 1593
2845 9 3 1594
2846 6 4 1595
2851 2 5 1596
2853 6 4 1597
2858 1 1 1598
2858 2 5 1599
2858 3 6 1600
2859 7 3 1601
2860 2 5 1602
2860 8 4 1603
2861 3 5 1604
2861 4 4 1605
2862 8 3 1606
2863 6 3 1607
2864 5 4 1608
2866 2 4 1609
2867 7 4 1610
2869 5 4 1611
2870 7 8 1612
2871 9 3 1613
2875 9 2 1614
2877 8 7 1615
2880 5 8 1616
2883 3 5 1617
2883 8 6 1618
2885 1 9 1619
2887 5 8 1620
2887 7 6 1621
2888 9 5 1622
2893 1 7 1623
2895 3 6 1624
2898 4 8 1625
2899 1 6 1626
2902 5 4 1627
2904 8 6 1628
2909 2 9 1629
2911 9 1 1630
2913 8 9 1631
2914 6 4 1632
2915 3 9 1633
2915 5 5 1634
2917 5 3 1635
2919 5 1 1636
2919 8 8 1637
2920 9 3 1638
2921 3 4 1639
2922 6 3 1640
2924 3 8 1641
2924 6 7 1642
2924 8 8 1643
2925 4 5 1644
2926 1 6 1645
2927 6 2 1646
2928 8 8 1647
2928 9 8 1648
2930 5 5 1649
2930 7 8 1650
2938 3 6 1651
2939 1 8 1652
2939 5 8 1653
2939 7 2 1654
2939 7 6 1655
2941 5 6 1656
2942 7 5 1657
2943 1 4 1658
2943 3 9 1659
2943 5 8 1660
2946 5 4 1661
2948 4 1 1662
2950 6 8 1663
2951 1 3 1664
2953 2 5 1665
2953 4 8 1666
2954 6 4 1667
2954 7 8 1668
2955 2 7 1669
2957 3 4 1670
2958 6 6 1671
2958 6 9 1672
2962 2 9 1673
2962 6 2 1674
2965 3 2 1675
2969 3 5 1676
2969 7 7 1677
2970 8 9 1678
2971 4 8 1679
2973 4 2 1680
2973 9 8 1681
2980 5 7 1682
2994 1 7 1683
2996 1 9 1684
2996 5 7 1685
2997 9 7 1686
2999 2 3 1687
3001 9 1 1688
3004 3 4 1689
3007 3 7 1690
3007 8 9 1691
3008 3 9 1692
3011 9 3 1693
3013 9 6 1694
3014 4 9 1695
3017 1 8 1696
3017 7 1 1697
3020 7 3 1698
3020 7 8 1699
3021 5 8 1700
3021 8 9 1701
3024 6 2 1702
3026 3 7 1703
3026 7 6 1704
3028 3 6 1705
3028 3 9 1706
3029 3 6 1707
3030 2 9 1708
3038 3 7 1709
3042 4 2 1710
3042 9 4 1711
3046 6 1 1712
3047 3 8 1713
3050 1 1 1714
3054 6 1 1715
3056 1 7 1716
3057 7 7 1717
3060 1 2 1718
3066 7 8 1719
3069 6 6 1720
3069 7 2 1721
3069 8 8 1722
3070 7 8 1723
3071 3 2 1724
3071 4 4 1725
3074 4 5 1726
3074 9 4 1727
3076 1 6 1728
3078 9 4 1729
3079 2 6 1730
3080 7 3 1731
3081 7 4 1732
3084 4 5 1733
3084 7 9 1734
3085 9 2 1735
3086 2 5 1736
3088 1 4 1737
3088 7 2 1738
3089 4 8 1739
3092 7 4 1740
3096 9 8 1741
3105 1 6 1742
3105 6 6 1743
3106 8 3 1744
3109 4 2 1745
3110 2 3 1746
3112 2 7 1747
3113 2 8 1748
3115 9 7 1749
3118 1 8 1750
3118 8 2 1751
3123 6 3 1752
3126 4 4 1753
3126 8 8 1754
3128 1 1 1755
3128 6 4 1756
3130 3 2 1757
3131 3 2 1758
3132 5 6 1759
3133 8 9 1760
3135 1 3 1761
3136 6 8 1762
3137 6 5 1763
3138 6 5 1764
3140 1 5 1765
3142 5 8 1766
3143 7 1 1767
3144 4 2 1768
3151 8 1 1769
3152 8 6 1770
3159 5 2 1771
3160 1 6 1772
3160 9 9 1773
3166 5 8 1774
3169 7 2 1775
3174 3 7 1776
3175 4 5 1777
3176 9 7 1778
3180 5 2 1779
3186 1 1 1780
3186 6 6 1781
3189 6 2 1782
3190 5 3 1783
3190 8 7 1784
3194 4 1 1785
3196 9 4 1786
3197 3 6 1787
3198 1 3 1788
3198 1 9 1789
3199 4 1 1790
3199 7 3 1791
3200 2 5 1792
3200 4 8 1793
3202 1 3 1794
3202 2 9 1795
3202 6 2 1796
3204 1 9 1797
3206 4 7 1798
3212 3 3 1799
3214 8 6 1800
3215 8 3 1801
3217 2 5 1802
3217 6 3 1803
3220 6 9 1804
3221 8 2 1805
3224 8 8 1806
3225 2 1 1807
3225 7 2 1808
3226 5 3 1809
3227 4 9 1810
3227 5 2 1811
3229 5 2 1812
3231 1 6 1813
3232 9 8 1814
3237 7 5 1815
3241 2 1 1816
3242 6 4 1817
3246 3 6 1818
3250 4 9 1819
3254 1 5 1820
3257 9 8 1821
3262 8 6 1822
3263 9 6 1823
3264 7 7 1824
3268 1 3 1825
3275 4 9 1826
3279 4 8 1827
3279 6 3 1828
3282 4 9 1829
3282 8 6 1830
3284 7 1 1831
3286 4 4 1832
3287 1 1 1833
3289 1 6 1834
3291 9 1 1835
3292 7 6 1836
3295 8 7 1837
3296 5 9 1838
3298 1 1 1839
3298 3 3 1840
3301 6 7 1841
3302 2 1 1842
3304 7 2 1843
3305 8 9 1844
3315 1 6 1845
3315 8 1 1846
3315 8 4 1847
3316 1 5 1848
3323 9 1 1849
3330 2 5 1850
3330 3 9 1851
3331 2 4 1852
3332 6 8 1853
3333 9 9 1854
3335 6 6 1855
3338 6 2 1856
3341 9 9 1857
3345 8 4 1858
3350 8 7 1859
3351 1 9 1860
3354 4 4 1861
3355 1 3 1862
3357 8 9 1863
3358 2 3 1864
3358 5 5 1865
3365 7 2 1866
3366 1 4 1867
3367 3 3 1868
3367 7 9 1869
3368 1 4 1870
3368 6 2 1871
3370 9 1 1872
3373 3 9 1873
3376 5 7 1874
3377 3 4 1875
3379 7 9 1876
3381 1 6 1877
3382 7 8 1878
3382 8 9 1879
3384 4 6 1880
3384 8 1 1881
3385 1 4 1882
3388 2 3 1883
3388 8 5 1884
3389 1 7 1885
3389 4 9 1886
3389 7 9 1887
3392 6 5 1888
3392 8 7 1889
3393 4 6 1890
3393 9 2 1891
3394 3 3 1892
3394 8 6 1893
3400 6 2 1894
3401 5 1 1895
3403 2 1 1896
3403 7 4 1897
3407 6 7 1898
3412 4 5 1899
3412 4 6 1900
3420 5 5 1901
3427 2 7 1902
3429 4 3 1903
3431 6 5 1904
3431 7 8 1905
3432 5 2 1906
3432 7 9 1907
3433 5 7 1908
3434 8 4 1909
3439 4 2 1910
3446 3 4 1911
3448 7 4 1912
3454 6 5 1913
3455 6 4 1914
3455 6 7 1915
3455 7 2 1916
3460 1 6 1917
3462 5 2 1918
3464 1 4 1919
3464 5 7 1920
3465 5 3 1921
3468 5 4 1922
3468 7 1 1923
3468 7 7 1924
3469 1 1 1925
3474 6 1 1926
3475 3 1 1927
3478 4 9 1928
3479 4 2 1929
3480 8 4 1930
3480 8 5 1931
3481 2 4 1932
3482 1 7 1933
3488 7 8 1934
3491 9 3 1935
3497 5 6 1936
3498 1 5 1937
3498 9 9 1938
3499 1 2 1939
3499 1 5 1940
3499 6 3 1941
3500 8 6 1942
3500 9 4 1943
3501 4 1 1944
3501 7 7 1945
3507 2 2 1946
3508 3 6 1947
3516 9 4 1948
3518 9 8 1949
3519 1 5 1950
3520 5 2 1951
3522 5 1 1952
3523 8 9 1953
3524 3 2 1954
3525 3 6 1955
3526 3 5 1956
3530 1 5 1957
3531 2 3 1958
3532 5 8 1959
3535 1 7 1960
3538 6 1 1961
3540 1 6 1962
3543 4 1 1963
3545 4 4 1964
3545 9 5 1965
3547 9 1 1966
3548 7 4 1967
3549 3 6 1968
3549 7 2 1969
3551 7 4 1970
3551 8 4 1971
3552 2 1 1972
3552 3 3 1973
3553 7 6 1974
3553 7 9 1975
3554 6 1 1976
3555 8 5 1977
3559 8 9 1978
3562 5 4 1979
3565 8 3 1980
3567 3 2 1981
3567 4 5 1982
3568 9 1 1983
3569 4 8 1984
3570 1 4 1985
3571 5 2 1986
3571 9 6 1987
3574 5 2 1988
3575 2 5 1989
3576 5 8 1990
3579 9 9 1991
3581 6 3 1992
3583 6 7 1993
3584 2 8 1994
3584 3 7 1995
3585 7 4 1996
3588 9 1 1997
3592 6 8 1998
3598 2 6 1999
3598 3 8 2000
