1 6 9 1
2 8 2 2
3 6 4 3
4 5 1 4
5 1 7 5
5 3 7 6
5 3 8 7
5 9 9 8
6 7 7 9
6 8 6 10
7 6 6 11
8 1 5 12
8 2 3 13
8 5 8 14
10 7 3 15
13 1 2 16
13 7 6 17
14 7 5 18
16 3 5 19
16 3 8 20
17 4 2 21
18 6 3 22
19 2 2 23
20 7 4 24
21 2 3 25
22 8 2 26
23 1 6 27
23 1 8 28
25 9 2 29
26 2 2 30
26 3 3 31
26 7 3 32
26 7 9 33
26 8 6 34
28 1 4 35
28 6 4 36
28 7 5 37
29 8 4 38
29 9 3 39
30 1 2 40
30 8 3 41
30 8 7 42
31 1 1 43
31 1 3 44
31 5 7 45
32 4 5 46
33 1 8 47
33 9 6 48
34 2 4 49
35 3 6 50
36 6 4 51
36 7 5 52
37 1 6 53
37 3 9 54
37 8 7 55
37 9 5 56
40 6 7 57
41 7 6 58
41 9 5 59
42 8 6 60
43 2 2 61
44 1 9 62
44 6 9 63
45 6 5 64
46 3 1 65
47 7 9 66
48 9 4 67
49 3 3 68
49 6 8 69
49 8 7 70
51 4 5 71
52 5 2 72
52 5 4 73
53 4 3 74
53 5 9 75
54 3 8 76
55 3 3 77
55 5 8 78
55 9 2 79
55 9 7 80
57 3 5 81
59 2 9 82
59 5 2 83
61 4 2 84
62 2 1 85
63 5 4 86
64 6 5 87
67 5 7 88
67 5 8 89
67 8 7 90
67 8 9 91
67 9 2 92
68 2 3 93
69 3 7 94
69 9 6 95
69 9 8 96
70 4 4 97
71 2 9 98
71 3 8 99
71 5 7 100
71 9 4 101
73 1 9 102
73 3 2 103
73 7 2 104
75 1 2 105
77 2 3 106
77 2 8 107
78 5 2 108
78 6 1 109
79 1 3 110
80 9 2 111
81 1 7 112
82 4 3 113
82 7 1 114
82 8 1 115
82 8 8 116
85 5 8 117
86 5 7 118
86 7 9 119
87 6 9 120
88 1 8 121
88 2 2 122
88 4 4 123
88 6 8 124
89 1 6 125
89 3 2 126
89 8 5 127
90 9 3 128
91 8 1 129
92 2 4 130
92 2 9 131
92 8 2 132
93 5 6 133
93 9 7 134
95 7 4 135
95 8 2 136
97 5 1 137
97 6 1 138
98 2 5 139
99 7 1 140
99 7 6 141
99 9 2 142
100 1 5 143
100 8 6 144
102 2 6 145
103 2 8 146
104 2 2 147
106 4 8 148
115 7 8 149
116 3 5 150
116 9 1 151
117 3 2 152
117 6 3 153
117 8 9 154
118 4 9 155
118 9 5 156
121 9 1 157
122 3 3 158
125 2 2 159
126 8 1 160
127 6 4 161
127 6 5 162
129 9 1 163
130 4 3 164
130 6 2 165
131 3 9 166
132 1 2 167
133 8 9 168
134 8 9 169
135 4 3 170
135 5 8 171
136 8 2 172
136 8 9 173
137 3 6 174
137 8 8 175
138 5 2 176
140 7 3 177
142 3 8 178
143 1 5 179
143 2 1 180
144 7 2 181
145 9 5 182
146 7 7 183
147 8 1 184
147 9 8 185
148 1 9 186
148 8 3 187
148 8 8 188
149 9 5 189
150 1 8 190
150 2 4 191
151 1 3 192
152 3 2 193
152 8 1 194
156 7 3 195
156 9 4 196
157 2 9 197
158 7 2 198
160 1 4 199
162 5 7 200
162 8 8 201
163 2 2 202
164 2 7 203
164 4 9 204
165 5 7 205
166 6 9 206
166 8 5 207
167 8 8 208
167 9 4 209
169 2 6 210
169 6 7 211
171 2 1 212
172 1 6 213
172 2 1 214
173 4 7 215
173 5 5 216
174 5 5 217
174 9 3 218
175 6 1 219
176 1 1 220
176 1 2 221
177 3 2 222
177 5 3 223
177 6 2 224
178 3 3 225
179 7 9 226
180 8 4 227
181 5 3 228
181 5 5 229
182 9 5 230
185 2 7 231
186 8 6 232
187 6 7 233
188 3 7 234
188 4 5 235
188 5 1 236
189 3 4 237
189 3 8 238
191 1 6 239
191 8 7 240
193 5 9 241
193 8 7 242
194 6 1 243
195 2 1 244
195 4 5 245
195 4 8 246
195 7 2 247
196 7 5 248
197 4 3 249
197 5 8 250
198 3 6 251
198 6 5 252
199 1 4 253
199 8 9 254
201 3 2 255
201 6 2 256
202 6 9 257
204 5 8 258
204 8 7 259
205 4 8 260
206 8 3 261
207 1 3 262
208 1 1 263
208 1 4 264
208 4 8 265
208 6 4 266
210 3 5 267
211 3 4 268
213 1 6 269
214 2 9 270
215 5 3 271
216 2 2 272
216 5 8 273
216 9 2 274
217 1 5 275
219 8 1 276
219 9 4 277
220 5 8 278
225 8 9 279
226 2 1 280
227 7 7 281
228 1 6 282
228 6 7 283
228 8 2 284
230 8 6 285
231 4 9 286
232 4 4 287
232 5 4 288
233 2 5 289
233 2 5 290
233 4 4 291
234 2 4 292
235 9 4 293
235 9 7 294
236 2 9 295
236 9 7 296
237 3 2 297
237 8 4 298
238 5 7 299
238 5 8 300
238 5 8 301
238 6 6 302
238 8 2 303
243 1 7 304
243 5 5 305
243 9 7 306
247 8 1 307
248 4 5 308
249 6 9 309
249 8 6 310
251 8 1 311
253 2 2 312
254 2 3 313
255 6 2 314
256 8 1 315
257 1 4 316
257 3 7 317
257 9 8 318
262 5 2 319
265 7 3 320
267 7 1 321
268 1 9 322
268 3 2 323
270 4 5 324
271 4 8 325
271 5 1 326
272 4 5 327
272 4 6 328
272 8 5 329
273 4 6 330
273 6 2 331
276 8 8 332
277 6 8 333
279 3 3 334
279 5 3 335
281 7 1 336
282 9 9 337
283 3 5 338
283 4 1 339
284 1 8 340
285 4 7 341
285 5 3 342
285 9 9 343
286 2 3 344
287 1 4 345
288 4 4 346
289 8 7 347
289 8 8 348
290 6 8 349
290 9 4 350
294 9 4 351
296 6 1 352
297 4 4 353
298 8 1 354
299 2 5 355
300 1 2 356
300 1 8 357
301 8 6 358
303 2 8 359
303 3 6 360
303 9 3 361
303 9 5 362
307 4 6 363
307 9 9 364
309 3 5 365
310 3 7 366
310 9 9 367
312 5 3 368
315 5 2 369
316 9 8 370
318 2 3 371
320 6 5 372
320 8 8 373
320 9 8 374
321 2 1 375
321 8 5 376
322 5 1 377
323 6 2 378
324 9 9 379
325 5 1 380
327 2 5 381
327 8 3 382
328 5 3 383
328 8 6 384
329 2 4 385
334 4 6 386
336 5 1 387
339 2 8 388
339 8 4 389
339 8 8 390
339 9 2 391
341 3 9 392
341 5 2 393
341 6 8 394
341 8 5 395
341 9 2 396
342 4 3 397
342 5 7 398
344 5 3 399
344 9 2 400
346 8 8 401
349 4 5 402
349 4 7 403
350 2 4 404
351 1 9 405
351 4 5 406
352 8 7 407
352 9 9 408
354 3 6 409
356 9 8 410
357 2 3 411
357 4 3 412
358 3 8 413
359 5 2 414
361 3 6 415
361 6 7 416
361 7 5 417
361 8 4 418
362 6 6 419
362 8 9 420
363 1 1 421
365 3 7 422
367 3 4 423
367 6 9 424
367 8 9 425
368 2 6 426
369 6 8 427
369 6 9 428
370 3 6 429
370 4 5 430
370 7 3 431
371 1 2 432
371 2 3 433
371 9 6 434
372 2 1 435
372 3 2 436
372 7 2 437
372 7 6 438
372 8 5 439
373 7 8 440
374 2 8 441
374 8 1 442
377 1 6 443
377 9 3 444
378 6 6 445
379 2 2 446
379 8 7 447
381 8 1 448
384 3 5 449
385 2 2 450
386 8 3 451
387 9 5 452
388 4 6 453
389 1 1 454
389 9 1 455
390 1 2 456
390 9 7 457
391 2 9 458
391 3 8 459
391 6 9 460
391 7 5 461
393 7 7 462
394 2 3 463
394 9 1 464
395 5 1 465
395 8 8 466
396 4 2 467
396 4 9 468
397 6 1 469
398 1 8 470
398 3 9 471
399 8 9 472
400 8 4 473
401 2 2 474
401 9 2 475
402 6 9 476
403 8 6 477
404 2 5 478
405 5 4 479
406 3 9 480
408 2 2 481
408 9 9 482
410 4 1 483
410 4 8 484
412 1 7 485
412 4 4 486
413 4 4 487
413 5 1 488
413 6 8 489
415 3 1 490
416 2 4 491
416 4 5 492
416 6 1 493
417 2 9 494
417 3 1 495
417 3 6 496
417 6 1 497
419 9 9 498
420 4 8 499
420 9 4 500
421 6 3 501
421 9 4 502
424 1 7 503
424 4 4 504
424 4 6 505
424 6 8 506
426 3 3 507
427 1 6 508
427 1 8 509
427 5 5 510
428 3 7 511
429 6 7 512
430 6 4 513
430 6 5 514
431 2 7 515
432 8 6 516
434 7 9 517
437 5 5 518
438 8 7 519
439 2 4 520
441 6 5 521
442 3 5 522
442 4 2 523
444 4 5 524
446 1 6 525
446 6 5 526
446 8 4 527
447 4 8 528
448 9 6 529
449 2 6 530
449 7 8 531
450 9 1 532
451 6 4 533
452 1 1 534
452 4 3 535
453 1 7 536
453 4 7 537
454 2 8 538
454 6 9 539
458 7 1 540
459 9 9 541
460 2 8 542
460 4 8 543
460 5 7 544
462 5 6 545
465 5 6 546
468 4 7 547
470 9 8 548
472 7 5 549
472 9 2 550
473 2 1 551
474 9 1 552
475 2 5 553
477 2 5 554
478 2 7 555
478 5 9 556
479 8 6 557
480 3 8 558
480 7 9 559
481 1 1 560
481 1 3 561
481 6 9 562
483 7 3 563
484 4 9 564
485 5 1 565
486 6 7 566
486 9 3 567
487 1 5 568
487 6 5 569
488 3 8 570
491 5 4 571
491 5 7 572
493 1 2 573
493 2 4 574
494 3 1 575
494 9 5 576
495 5 4 577
497 8 2 578
498 8 1 579
500 9 1 580
501 2 5 581
501 2 9 582
503 5 5 583
503 5 6 584
503 6 2 585
503 7 4 586
503 8 6 587
504 6 3 588
506 5 8 589
506 9 2 590
507 3 8 591
510 5 1 592
512 9 9 593
513 1 2 594
513 9 4 595
515 2 1 596
518 3 3 597
518 5 1 598
519 8 6 599
523 4 9 600
524 5 7 601
524 9 1 602
525 7 3 603
526 7 2 604
526 8 5 605
527 7 2 606
529 7 4 607
530 5 1 608
530 9 4 609
532 1 5 610
532 8 9 611
534 2 3 612
534 3 6 613
534 4 7 614
535 8 4 615
536 2 8 616
536 4 1 617
537 1 8 618
537 3 9 619
538 8 8 620
539 5 3 621
539 6 4 622
539 8 5 623
540 4 1 624
542 2 6 625
546 7 3 626
547 3 3 627
548 3 1 628
548 3 9 629
548 4 5 630
548 8 2 631
549 3 4 632
549 9 1 633
550 2 1 634
551 2 2 635
551 3 1 636
552 4 7 637
552 9 1 638
553 6 1 639
554 4 7 640
555 3 8 641
555 5 6 642
556 4 9 643
557 5 8 644
557 5 9 645
558 7 2 646
559 3 1 647
559 8 8 648
560 9 5 649
561 6 6 650
561 7 5 651
562 2 8 652
562 8 1 653
564 1 8 654
565 9 1 655
566 6 4 656
567 7 1 657
567 7 8 658
569 5 1 659
569 7 3 660
570 4 9 661
570 5 7 662
570 6 3 663
571 3 5 664
571 4 8 665
573 2 2 666
575 3 7 667
575 6 7 668
575 7 8 669
575 8 6 670
576 5 2 671
577 5 6 672
577 6 5 673
577 7 3 674
579 5 9 675
580 2 9 676
580 5 4 677
581 6 6 678
582 8 8 679
583 9 8 680
584 1 9 681
584 7 3 682
584 8 5 683
585 1 8 684
587 3 6 685
588 1 8 686
589 8 6 687
590 3 3 688
590 9 7 689
591 3 3 690
594 6 2 691
594 9 6 692
595 4 7 693
595 5 5 694
595 7 1 695
596 7 3 696
597 1 8 697
597 4 4 698
599 9 2 699
600 4 4 700
602 9 3 701
603 1 2 702
606 4 8 703
610 6 4 704
612 4 7 705
612 5 3 706
612 7 5 707
613 3 9 708
613 6 7 709
617 7 5 710
618 1 6 711
618 2 1 712
618 5 3 713
618 9 5 714
619 7 2 715
623 9 2 716
625 2 4 717
626 4 8 718
627 9 6 719
627 9 8 720
628 5 1 721
628 6 3 722
630 7 3 723
631 3 3 724
631 9 4 725
632 3 2 726
633 1 1 727
633 4 7 728
633 5 7 729
634 6 9 730
635 4 8 731
635 7 7 732
639 5 1 733
639 5 2 734
641 3 6 735
642 5 6 736
643 2 5 737
645 3 3 738
647 2 8 739
647 3 1 740
648 7 1 741
649 2 5 742
649 6 6 743
649 7 8 744
649 8 5 745
650 9 7 746
651 5 1 747
653 4 6 748
654 2 7 749
654 3 5 750
656 6 1 751
657 1 9 752
657 4 6 753
658 1 5 754
658 2 5 755
659 6 2 756
659 7 3 757
659 7 8 758
661 2 4 759
662 6 4 760
662 6 8 761
662 9 6 762
663 4 9 763
663 5 4 764
663 6 9 765
665 2 9 766
665 5 7 767
669 2 6 768
672 9 5 769
672 9 8 770
673 2 3 771
673 6 2 772
674 3 1 773
676 7 9 774
679 1 9 775
679 2 3 776
679 3 8 777
681 1 1 778
681 8 8 779
681 9 2 780
681 9 4 781
683 1 7 782
683 8 2 783
684 3 3 784
684 7 1 785
685 5 3 786
686 6 9 787
687 5 5 788
688 1 1 789
688 1 1 790
688 6 1 791
689 1 7 792
689 4 8 793
689 4 9 794
689 8 6 795
691 3 7 796
692 5 4 797
692 6 5 798
694 9 5 799
695 4 8 800
695 8 4 801
696 9 4 802
697 1 9 803
698 2 7 804
699 3 9 805
699 6 2 806
699 7 8 807
699 8 5 808
700 9 8 809
701 2 2 810
701 5 1 811
702 5 9 812
702 8 5 813
703 9 8 814
703 9 9 815
704 3 7 816
704 6 2 817
704 7 1 818
706 4 1 819
707 4 4 820
707 8 6 821
708 2 9 822
709 9 9 823
710 3 6 824
712 6 7 825
713 1 7 826
713 9 3 827
716 4 6 828
716 8 5 829
717 2 5 830
717 2 6 831
719 5 8 832
719 5 9 833
720 2 5 834
721 5 5 835
725 1 7 836
725 9 9 837
726 2 6 838
726 8 5 839
727 7 1 840
728 4 6 841
729 1 2 842
729 5 6 843
732 1 5 844
734 6 7 845
735 5 3 846
735 6 2 847
735 9 7 848
736 4 7 849
736 7 5 850
737 7 1 851
739 5 7 852
739 6 3 853
740 9 7 854
741 5 9 855
741 9 5 856
742 4 8 857
743 2 4 858
744 2 9 859
745 9 7 860
746 4 8 861
748 2 1 862
748 3 2 863
748 8 6 864
749 2 4 865
749 3 7 866
749 4 6 867
749 6 1 868
751 2 8 869
752 5 3 870
756 4 3 871
756 5 3 872
756 6 3 873
757 8 8 874
758 1 4 875
758 1 4 876
758 5 7 877
758 8 2 878
759 9 9 879
760 3 5 880
761 5 2 881
763 5 2 882
763 5 6 883
764 2 1 884
764 6 5 885
765 5 6 886
766 3 7 887
766 7 8 888
768 1 4 889
768 3 8 890
768 9 5 891
769 8 5 892
771 5 9 893
772 3 9 894
772 9 1 895
774 1 8 896
774 2 3 897
774 7 5 898
775 9 8 899
777 1 7 900
777 5 9 901
779 9 4 902
780 8 2 903
781 1 2 904
782 4 4 905
783 2 2 906
786 7 5 907
787 9 5 908
789 3 3 909
791 4 4 910
792 2 3 911
792 5 7 912
792 6 9 913
794 5 2 914
794 6 1 915
795 2 7 916
795 5 5 917
797 5 6 918
799 2 5 919
800 5 5 920
801 4 1 921
801 9 9 922
802 1 1 923
802 7 7 924
802 9 3 925
802 9 6 926
803 7 5 927
804 3 4 928
806 7 3 929
807 8 9 930
810 1 9 931
811 5 5 932
811 7 2 933
811 9 2 934
812 1 5 935
812 3 6 936
813 8 4 937
815 2 9 938
815 8 1 939
816 8 8 940
817 1 9 941
817 6 2 942
819 6 6 943
819 9 9 944
821 1 6 945
822 5 8 946
822 7 6 947
824 6 6 948
826 1 2 949
826 4 7 950
826 5 3 951
827 2 8 952
827 5 7 953
832 4 9 954
832 5 1 955
834 5 1 956
835 6 6 957
836 5 1 958
837 6 9 959
838 5 2 960
841 4 5 961
843 9 2 962
847 1 9 963
847 4 1 964
850 1 2 965
850 7 3 966
853 3 1 967
853 3 2 968
853 4 6 969
853 7 1 970
854 4 3 971
855 4 4 972
855 6 2 973
856 3 6 974
856 7 2 975
858 6 7 976
859 6 9 977
861 7 5 978
862 6 9 979
865 6 2 980
865 8 9 981
866 6 3 982
867 9 8 983
868 9 5 984
869 7 4 985
870 2 9 986
870 3 3 987
871 2 8 988
874 7 7 989
876 5 2 990
876 5 4 991
876 6 9 992
878 4 1 993
879 4 3 994
880 5 9 995
880 6 2 996
881 9 8 997
883 3 7 998
886 1 3 999
888 4 2 1000
891 9 5 1001
892 4 3 1002
893 3 6 1003
893 5 5 1004
894 7 5 1005
896 3 2 1006
898 2 8 1007
898 4 7 1008
898 8 3 1009
899 3 2 1010
900 4 4 1011
901 4 8 1012
902 2 4 1013
904 3 8 1014
905 1 4 1015
906 3 4 1016
906 5 3 1017
907 8 6 1018
908 9 9 1019
910 1 1 1020
911 2 6 1021
911 7 2 1022
912 7 1 1023
912 8 2 1024
913 9 1 1025
915 1 6 1026
916 3 2 1027
916 6 9 1028
917 1 4 1029
917 3 4 1030
917 5 2 1031
918 3 7 1032
918 8 3 1033
919 1 7 1034
919 4 3 1035
919 6 6 1036
920 1 3 1037
920 3 4 1038
921 3 1 1039
922 8 6 1040
922 8 7 1041
923 3 4 1042
924 6 3 1043
925 4 7 1044
926 4 6 1045
926 7 5 1046
926 7 8 1047
927 2 2 1048
928 2 1 1049
928 4 3 1050
929 7 7 1051
931 5 5 1052
932 5 8 1053
933 2 9 1054
934 1 1 1055
934 8 7 1056
935 3 7 1057
935 6 1 1058
935 8 6 1059
935 9 9 1060
936 5 1 1061
937 2 5 1062
937 4 2 1063
937 8 2 1064
938 7 3 1065
939 2 1 1066
940 7 6 1067
941 8 5 1068
941 9 1 1069
941 9 3 1070
942 6 1 1071
945 5 3 1072
947 1 8 1073
948 3 7 1074
948 5 3 1075
948 5 5 1076
948 6 2 1077
949 1 6 1078
949 5 5 1079
949 7 5 1080
949 7 8 1081
951 2 2 1082
951 4 1 1083
952 1 4 1084
952 3 3 1085
952 9 7 1086
953 7 4 1087
954 5 9 1088
954 6 4 1089
956 6 8 1090
956 7 4 1091
958 6 9 1092
961 9 7 1093
962 9 8 1094
963 6 7 1095
964 1 2 1096
965 5 4 1097
966 2 7 1098
968 7 6 1099
968 9 8 1100
969 5 7 1101
970 3 6 1102
971 7 6 1103
973 1 4 1104
973 3 4 1105
974 3 1 1106
974 9 3 1107
975 5 5 1108
977 1 9 1109
980 6 3 1110
981 2 8 1111
981 3 8 1112
982 7 3 1113
982 7 9 1114
985 8 9 1115
985 9 1 1116
985 9 8 1117
986 1 8 1118
987 4 3 1119
987 9 2 1120
988 2 5 1121
989 2 1 1122
989 4 1 1123
990 1 6 1124
992 3 9 1125
993 1 6 1126
993 9 2 1127
994 5 6 1128
994 7 2 1129
996 2 7 1130
997 1 6 1131
997 2 1 1132
998 2 5 1133
999 4 7 1134
999 5 1 1135
1001 2 1 1136
1001 8 4 1137
1002 7 3 1138
1003 3 6 1139
1005 3 9 1140
1005 6 4 1141
1007 8 5 1142
1008 5 6 1143
1008 8 4 1144
1010 2 3 1145
1011 3 4 1146
1012 5 3 1147
1012 6 9 1148
1014 1 4 1149
1015 3 5 1150
1019 1 2 1151
1019 9 8 1152
1022 1 4 1153
1025 2 3 1154
1025 4 1 1155
1025 9 6 1156
1026 2 1 1157
1026 7 4 1158
1029 4 1 1159
1031 2 2 1160
1031 8 5 1161
1033 8 6 1162
1033 8 6 1163
1036 5 8 1164
1036 9 5 1165
1037 6 7 1166
1037 6 9 1167
1037 7 4 1168
1038 2 5 1169
1038 7 6 1170
1039 9 7 1171
1040 1 1 1172
1041 3 6 1173
1041 4 3 1174
1042 1 7 1175
1044 4 2 1176
1045 3 4 1177
1046 4 5 1178
1047 1 6 1179
1048 3 1 1180
1048 3 9 1181
1053 2 6 1182
1053 3 6 1183
1053 6 9 1184
1054 6 4 1185
1054 7 2 1186
1055 1 7 1187
1055 3 4 1188
1055 5 5 1189
1056 5 4 1190
1056 9 5 1191
1057 1 6 1192
1059 3 4 1193
1061 6 6 1194
1063 3 4 1195
1064 1 9 1196
1064 3 7 1197
1064 7 5 1198
1065 6 7 1199
1066 5 4 1200
1068 8 3 1201
1069 9 6 1202
1072 2 1 1203
1073 3 1 1204
1073 6 3 1205
1073 8 5 1206
1074 6 6 1207
1076 1 6 1208
1076 8 7 1209
1077 5 3 1210
1077 7 9 1211
1078 2 1 1212
1079 3 2 1213
1079 5 9 1214
1080 3 1 1215
1082 2 2 1216
1082 6 9 1217
1083 6 7 1218
1086 2 5 1219
1086 5 1 1220
1086 9 6 1221
1087 3 5 1222
1087 6 9 1223
1088 3 2 1224
1088 6 3 1225
1088 6 5 1226
1088 6 8 1227
1089 1 4 1228
1089 2 3 1229
1090 8 7 1230
1091 8 8 1231
1092 2 3 1232
1092 4 3 1233
1094 1 1 1234
1095 1 8 1235
1095 4 6 1236
1097 5 4 1237
1098 7 7 1238
1099 1 4 1239
1099 4 9 1240
1104 2 8 1241
1105 4 2 1242
1106 2 8 1243
1106 5 8 1244
1106 9 7 1245
1108 2 4 1246
1109 6 5 1247
1111 3 5 1248
1111 4 1 1249
1111 9 6 1250
1112 6 2 1251
1113 7 1 1252
1114 3 4 1253
1114 4 6 1254
1115 4 4 1255
1116 6 5 1256
1117 6 7 1257
1118 3 1 1258
1119 3 9 1259
1120 7 5 1260
1121 1 5 1261
1123 1 6 1262
1123 2 8 1263
1126 9 2 1264
1127 2 1 1265
1127 4 5 1266
1127 4 6 1267
1129 1 5 1268
1129 3 7 1269
1130 9 2 1270
1132 1 1 1271
1133 2 6 1272
1133 5 7 1273
1133 7 6 1274
1134 3 3 1275
1135 3 3 1276
1135 6 9 1277
1136 1 2 1278
1139 4 7 1279
1140 8 1 1280
1140 9 2 1281
1141 4 3 1282
1142 8 9 1283
1143 7 6 1284
1144 8 9 1285
1147 8 7 1286
1150 4 6 1287
1150 5 7 1288
1151 8 4 1289
1151 8 8 1290
1153 1 9 1291
1153 7 5 1292
1154 2 3 1293
1154 5 9 1294
1156 7 8 1295
1157 5 5 1296
1158 2 3 1297
1158 2 7 1298
1158 5 5 1299
1159 6 4 1300
1160 9 3 1301
1161 1 2 1302
1161 6 7 1303
1162 1 3 1304
1164 5 5 1305
1164 6 7 1306
1164 7 6 1307
1164 8 4 1308
1164 9 6 1309
1164 9 8 1310
1165 4 7 1311
1165 5 9 1312
1166 8 9 1313
1168 6 1 1314
1169 1 5 1315
1169 2 6 1316
1169 6 6 1317
1170 1 9 1318
1172 3 1 1319
1175 5 7 1320
1176 8 7 1321
1178 1 5 1322
1178 8 8 1323
1181 3 9 1324
1181 4 9 1325
1181 6 8 1326
1181 8 5 1327
1182 2 6 1328
1182 7 6 1329
1182 8 4 1330
1188 5 8 1331
1189 4 2 1332
1189 5 7 1333
1189 8 6 1334
1191 7 4 1335
1192 8 6 1336
1193 4 3 1337
1194 4 7 1338
1195 7 7 1339
1197 8 3 1340
1199 3 8 1341
1201 4 4 1342
1201 7 6 1343
1204 3 1 1344
1204 6 3 1345
1204 8 9 1346
1204 9 9 1347
1205 2 2 1348
1205 9 7 1349
1207 9 2 1350
1210 3 5 1351
1210 9 4 1352
1211 3 7 1353
1212 1 5 1354
1212 3 9 1355
1212 7 2 1356
1213 1 2 1357
1213 1 2 1358
1214 5 5 1359
1214 9 2 1360
1215 3 3 1361
1217 3 8 1362
1217 6 5 1363
1219 2 9 1364
1219 6 5 1365
1220 9 8 1366
1221 4 7 1367
1223 5 3 1368
1224 4 7 1369
1224 4 9 1370
1227 2 9 1371
1227 4 7 1372
1227 6 5 1373
1228 3 3 1374
1229 5 6 1375
1230 7 9 1376
1230 9 1 1377
1230 9 4 1378
1230 9 8 1379
1232 1 8 1380
1232 3 3 1381
1232 8 3 1382
1233 9 4 1383
1235 2 5 1384
1235 8 8 1385
1237 4 9 1386
1238 5 3 1387
1238 7 3 1388
1239 2 6 1389
1239 3 1 1390
1239 6 2 1391
1241 4 1 1392
1241 5 7 1393
1243 4 2 1394
1243 5 9 1395
1244 1 7 1396
1246 1 7 1397
1246 3 6 1398
1248 9 2 1399
1249 1 7 1400
1249 9 9 1401
1250 2 7 1402
1250 3 1 1403
1251 5 3 1404
1253 3 4 1405
1254 3 2 1406
1255 4 7 1407
1256 1 9 1408
1257 2 3 1409
1257 4 4 1410
1259 4 1 1411
1260 1 8 1412
1261 9 9 1413
1262 8 5 1414
1263 6 5 1415
1264 2 6 1416
1264 7 7 1417
1264 7 9 1418
1266 2 9 1419
1267 7 1 1420
1267 7 2 1421
1269 3 1 1422
1269 6 6 1423
1269 9 4 1424
1269 9 6 1425
1271 1 9 1426
1271 7 7 1427
1272 3 4 1428
1274 8 5 1429
1276 6 3 1430
1276 6 5 1431
1276 8 2 1432
1276 9 3 1433
1277 3 7 1434
1282 3 2 1435
1282 5 3 1436
1283 4 6 1437
1284 4 6 1438
1284 5 4 1439
1286 3 6 1440
1287 3 4 1441
1287 6 7 1442
1288 2 2 1443
1290 1 6 1444
1290 1 7 1445
1290 1 8 1446
1296 1 6 1447
1296 9 6 1448
1297 1 8 1449
1298 6 4 1450
1299 6 2 1451
1301 9 5 1452
1302 7 9 1453
1304 4 3 1454
1304 5 6 1455
1305 2 8 1456
1307 6 1 1457
1307 7 4 1458
1310 8 3 1459
1311 6 2 1460
1311 7 7 1461
1311 8 3 1462
1312 2 2 1463
1312 2 5 1464
1313 5 1 1465
1315 7 7 1466
1316 4 9 1467
1316 5 5 1468
1316 8 1 1469
1318 6 3 1470
1318 7 6 1471
1319 3 6 1472
1319 9 7 1473
1320 2 3 1474
1322 2 8 1475
1323 5 1 1476
1324 4 1 1477
1324 5 9 1478
1327 3 5 1479
1328 3 8 1480
1330 9 2 1481
1331 1 6 1482
1331 2 7 1483
1331 3 7 1484
1332 2 7 1485
1335 1 3 1486
1335 4 8 1487
1335 6 7 1488
1335 8 8 1489
1336 5 8 1490
1337 5 8 1491
1337 8 4 1492
1337 8 7 1493
1338 6 4 1494
1341 7 9 1495
1342 1 7 1496
1342 7 2 1497
1343 2 8 1498
1344 5 4 1499
1345 3 7 1500
1345 5 6 1501
1346 3 8 1502
1346 9 5 1503
1347 5 1 1504
1347 7 7 1505
1349 2 7 1506
1349 3 2 1507
1350 5 1 1508
1351 1 9 1509
1351 9 1 1510
1352 1 3 1511
1352 5 5 1512
1354 7 2 1513
1355 1 2 1514
1355 3 3 1515
1355 4 8 1516
1356 5 8 1517
1357 9 4 1518
1359 7 6 1519
1365 4 7 1520
1366 8 3 1521
1367 2 3 1522
1368 4 1 1523
1370 1 5 1524
1371 4 1 1525
1372 4 2 1526
1374 5 3 1527
1374 6 2 1528
1374 8 7 1529
1376 1 6 1530
1376 8 9 1531
1377 5 5 1532
1377 9 1 1533
1378 5 1 1534
1378 5 8 1535
1378 8 8 1536
1380 3 1 1537
1381 5 8 1538
1383 4 4 1539
1383 9 6 1540
1387 1 2 1541
1387 9 6 1542
1388 7 8 1543
1390 4 9 1544
1390 6 1 1545
1390 6 4 1546
1390 7 3 1547
1390 9 6 1548
1391 2 1 1549
1391 9 6 1550
1392 4 9 1551
1394 1 2 1552
1395 2 5 1553
1395 7 2 1554
1396 2 3 1555
1397 9 6 1556
1399 5 7 1557
1401 4 7 1558
1402 2 6 1559
1402 4 7 1560
1402 5 7 1561
1403 4 5 1562
1406 8 5 1563
1408 3 9 1564
1408 8 9 1565
1409 1 1 1566
1409 7 6 1567
1410 3 4 1568
1411 5 8 1569
1412 5 4 1570
1415 3 7 1571
1416 9 3 1572
1417 3 6 1573
1418 1 3 1574
1420 6 4 1575
1420 6 5 1576
1420 9 3 1577
1422 3 4 1578
1423 2 4 1579
1423 5 6 1580
1424 9 4 1581
1424 9 9 1582
1425 6 8 1583
1426 7 3 1584
1427 8 1 1585
1428 5 6 1586
1428 6 7 1587
1429 6 1 1588
1430 4 8 1589
1431 7 6 1590
1432 3 5 1591
1433 4 2 1592
1433 7 2 1593
1434 7 7 1594
1435 7 9 1595
1436 6 1 1596
1437 3 4 1597
1437 3 8 1598
1440 1 9 1599
1442 1 2 1600
1442 4 4 1601
1442 4 9 1602
1443 7 1 1603
1444 4 8 1604
1444 7 6 1605
1445 3 7 1606
1445 7 4 1607
1445 9 7 1608
1447 1 5 1609
1449 5 6 1610
1450 5 4 1611
1450 6 1 1612
1450 6 2 1613
1452 1 1 1614
1452 2 7 1615
1454 9 9 1616
1456 5 3 1617
1456 9 8 1618
1457 8 2 1619
1457 9 5 1620
1458 8 5 1621
1463 8 5 1622
1463 9 2 1623
1465 3 1 1624
1466 4 1 1625
1471 6 5 1626
1472 2 4 1627
1472 8 3 1628
1473 2 7 1629
1474 4 1 1630
1474 7 5 1631
1478 5 2 1632
1479 8 2 1633
1479 9 8 1634
1481 4 9 1635
1482 1 2 1636
1482 6 3 1637
1482 6 8 1638
1482 6 9 1639
1484 4 2 1640
1485 9 3 1641
1486 3 4 1642
1486 3 8 1643
1486 4 3 1644
1487 5 3 1645
1488 3 7 1646
1488 9 4 1647
1493 7 6 1648
1494 3 2 1649
1494 8 2 1650
1495 1 5 1651
1495 7 9 1652
1497 1 3 1653
1497 9 1 1654
1498 3 1 1655
1498 5 9 1656
1499 2 5 1657
1501 9 4 1658
1502 4 9 1659
1504 3 9 1660
1504 4 8 1661
1504 6 3 1662
1505 4 3 1663
1507 1 4 1664
1507 8 2 1665
1508 9 7 1666
1509 8 5 1667
1511 1 5 1668
1512 8 6 1669
1513 3 5 1670
1514 6 9 1671
1514 8 6 1672
1516 8 6 1673
1517 1 3 1674
1517 9 8 1675
1518 9 3 1676
1519 7 9 1677
1520 2 4 1678
1521 3 3 1679
1522 4 9 1680
1523 7 5 1681
1523 9 1 1682
1524 7 6 1683
1526 3 1 1684
1526 3 9 1685
1526 8 2 1686
1527 7 3 1687
1530 5 9 1688
1532 7 4 1689
1534 6 2 1690
1534 6 7 1691
1534 8 5 1692
1535 4 4 1693
1535 5 7 1694
1536 5 8 1695
1537 3 7 1696
1538 5 1 1697
1539 9 1 1698
1540 3 5 1699
1542 5 6 1700
1543 2 2 1701
1543 7 8 1702
1544 5 8 1703
1545 5 8 1704
1546 4 8 1705
1547 3 3 1706
1547 4 1 1707
1547 6 5 1708
1547 7 1 1709
1547 8 5 1710
1548 2 9 1711
1548 3 6 1712
1548 9 8 1713
1549 7 5 1714
1551 7 9 1715
1551 9 1 1716
1552 2 4 1717
1552 6 5 1718
1553 1 9 1719
1553 3 5 1720
1555 2 4 1721
1556 5 1 1722
1557 2 2 1723
1557 7 5 1724
1558 1 7 1725
1558 4 5 1726
1559 2 6 1727
1560 7 4 1728
1560 8 1 1729
1561 7 2 1730
1563 3 3 1731
1564 3 5 1732
1565 4 8 1733
1566 1 8 1734
1567 4 9 1735
1569 7 2 1736
1569 8 6 1737
1569 9 8 1738
1571 3 4 1739
1571 6 1 1740
1571 8 8 1741
1572 1 7 1742
1572 2 7 1743
1573 7 1 1744
1574 1 7 1745
1574 2 8 1746
1574 9 2 1747
1575 5 8 1748
1578 1 1 1749
1578 2 9 1750
1580 1 9 1751
1580 5 8 1752
1580 8 5 1753
1581 1 9 1754
1581 6 1 1755
1583 3 9 1756
1583 5 5 1757
1583 6 4 1758
1584 8 4 1759
1586 3 6 1760
1586 6 8 1761
1587 6 5 1762
1587 8 2 1763
1588 1 8 1764
1589 3 6 1765
1589 5 6 1766
1590 3 6 1767
1590 4 5 1768
1590 9 9 1769
1591 7 1 1770
1591 7 1 1771
1591 7 4 1772
1592 7 9 1773
1592 9 9 1774
1593 7 7 1775
1594 1 1 1776
1595 8 6 1777
1596 8 2 1778
1597 2 4 1779
1597 9 8 1780
1599 3 4 1781
1600 3 8 1782
1603 1 1 1783
1603 2 8 1784
1603 9 1 1785
1604 2 8 1786
1606 1 7 1787
1606 6 4 1788
1607 3 2 1789
1607 5 5 1790
1607 9 5 1791
1608 5 1 1792
1608 6 7 1793
1608 7 9 1794
1609 4 2 1795
1609 6 5 1796
1610 7 4 1797
1611 1 4 1798
1611 1 6 1799
1611 8 5 1800
1612 6 8 1801
1612 6 8 1802
1613 2 1 1803
1613 7 7 1804
1614 6 6 1805
1615 3 5 1806
1615 5 7 1807
1616 3 6 1808
1616 9 1 1809
1617 7 6 1810
1617 8 4 1811
1617 9 6 1812
1618 7 2 1813
1618 9 8 1814
1619 7 4 1815
1619 9 5 1816
1620 3 1 1817
1620 7 4 1818
1620 9 4 1819
1621 7 6 1820
1625 8 9 1821
1626 3 1 1822
1627 5 8 1823
1627 7 4 1824
1628 3 3 1825
1629 3 2 1826
1630 9 2 1827
1633 2 8 1828
1634 4 6 1829
1636 5 4 1830
1636 5 4 1831
1636 6 6 1832
1636 8 3 1833
1636 8 6 1834
1637 6 6 1835
1638 4 7 1836
1639 8 7 1837
1640 1 9 1838
1641 7 8 1839
1642 5 7 1840
1643 9 9 1841
1644 6 2 1842
1644 7 3 1843
1645 3 1 1844
1646 3 4 1845
1646 5 7 1846
1646 8 8 1847
1647 3 9 1848
1648 5 2 1849
1649 1 9 1850
1649 8 5 1851
1650 9 3 1852
1650 9 7 1853
1651 1 7 1854
1651 6 3 1855
1651 8 1 1856
1655 6 4 1857
1658 6 8 1858
1659 8 1 1859
1663 2 5 1860
1664 9 9 1861
1665 6 2 1862
1666 3 2 1863
1666 9 9 1864
1667 8 3 1865
1667 9 3 1866
1668 2 5 1867
1668 8 4 1868
1668 9 1 1869
1671 7 8 1870
1672 1 4 1871
1672 9 5 1872
1677 8 6 1873
1678 3 8 1874
1679 4 6 1875
1679 4 6 1876
1679 9 7 1877
1681 1 6 1878
1683 9 6 1879
1684 4 7 1880
1685 7 8 1881
1685 9 6 1882
1686 4 2 1883
1687 6 7 1884
1691 6 2 1885
1691 7 5 1886
1692 6 5 1887
1693 8 2 1888
1694 3 7 1889
1699 6 2 1890
1700 6 6 1891
1701 5 7 1892
1703 7 9 1893
1704 2 9 1894
1704 4 8 1895
1706 5 7 1896
1706 7 2 1897
1706 7 5 1898
1707 8 7 1899
1708 7 6 1900
1710 9 7 1901
1711 2 3 1902
1711 4 2 1903
1711 7 6 1904
1711 9 5 1905
1712 4 7 1906
1712 7 4 1907
1714 5 5 1908
1715 1 4 1909
1715 8 8 1910
1717 1 8 1911
1717 3 1 1912
1718 3 1 1913
1718 5 3 1914
1724 3 3 1915
1724 6 4 1916
1724 6 9 1917
1725 8 5 1918
1726 4 9 1919
1727 5 9 1920
1728 3 9 1921
1728 5 4 1922
1728 8 6 1923
1728 9 3 1924
1730 1 9 1925
1730 5 4 1926
1730 8 1 1927
1731 9 1 1928
1732 4 8 1929
1734 6 1 1930
1735 7 4 1931
1735 7 6 1932
1736 3 4 1933
1736 8 7 1934
1737 2 4 1935
1737 5 7 1936
1737 7 6 1937
1740 4 9 1938
1740 8 4 1939
1741 4 8 1940
1741 6 8 1941
1742 1 4 1942
1742 9 7 1943
1743 5 7 1944
1743 5 9 1945
1744 1 5 1946
1744 1 7 1947
1744 1 8 1948
1746 1 3 1949
1746 7 6 1950
1747 2 5 1951
1747 5 4 1952
1748 2 5 1953
1749 4 7 1954
1749 6 2 1955
1750 1 4 1956
1750 1 5 1957
1754 3 8 1958
1754 9 4 1959
1755 1 7 1960
1755 6 1 1961
1756 2 4 1962
1758 2 1 1963
1758 2 2 1964
1758 3 1 1965
1760 8 8 1966
1761 2 4 1967
1761 6 4 1968
1762 6 9 1969
1764 2 5 1970
1764 8 9 1971
1765 5 1 1972
1767 2 8 1973
1769 4 6 1974
1771 2 1 1975
1774 9 9 1976
1775 8 1 1977
1777 4 7 1978
1777 5 8 1979
1778 9 3 1980
1779 3 4 1981
1780 3 3 1982
1780 8 7 1983
1780 9 2 1984
1783 7 5 1985
1784 7 3 1986
1784 7 6 1987
1785 6 1 1988
1786 6 6 1989
1787 7 1 1990
1789 4 6 1991
1791 4 8 1992
1792 1 9 1993
1794 2 8 1994
1795 1 4 1995
1795 5 8 1996
1795 9 5 1997
1796 1 3 1998
1799 3 2 1999
1800 4 5 2000
