1 1 5 1
12 3 2 2
12 5 1 3
16 2 2 4
19 7 7 5
32 5 3 6
33 6 3 7
35 2 9 8
35 3 6 9
36 2 9 10
36 3 9 11
37 4 6 12
37 5 6 13
41 1 3 14
43 8 1 15
45 9 5 16
46 1 4 17
50 1 3 18
51 7 5 19
69 1 4 20
78 6 7 21
83 8 3 22
84 3 6 23
92 4 4 24
92 8 1 25
97 4 4 26
99 7 7 27
101 4 3 28
112 4 9 29
115 5 6 30
121 7 2 31
123 8 1 32
127 6 5 33
130 4 7 34
131 6 4 35
141 6 6 36
142 1 9 37
144 7 1 38
150 9 7 39
161 8 7 40
163 9 3 41
165 8 3 42
166 7 5 43
170 8 1 44
173 5 2 45
175 8 3 46
178 5 6 47
180 4 1 48
181 6 3 49
182 4 7 50
183 7 1 51
184 7 1 52
186 1 5 53
186 8 7 54
189 8 7 55
197 1 5 56
202 7 6 57
210 1 6 58
210 9 8 59
211 7 4 60
216 4 2 61
216 5 7 62
226 2 7 63
228 5 1 64
234 6 2 65
240 7 7 66
242 1 2 67
242 9 2 68
244 9 6 69
246 5 5 70
256 5 3 71
257 5 7 72
257 8 3 73
258 7 2 74
260 4 9 75
262 9 5 76
264 1 9 77
264 8 9 78
265 5 9 79
266 1 5 80
269 2 6 81
269 8 7 82
270 1 4 83
272 3 9 84
274 6 6 85
275 6 3 86
284 8 4 87
290 8 1 88
303 4 5 89
305 5 1 90
306 6 9 91
308 8 9 92
318 7 1 93
318 9 1 94
319 4 8 95
320 4 5 96
326 2 8 97
326 6 7 98
330 8 7 99
330 9 3 100
334 8 4 101
342 1 3 102
342 5 4 103
343 7 9 104
344 3 1 105
344 8 4 106
349 1 4 107
353 6 3 108
356 5 8 109
358 9 5 110
360 8 6 111
361 1 7 112
367 2 8 113
370 7 4 114
379 7 4 115
379 8 5 116
391 5 6 117
394 7 2 118
395 2 2 119
407 2 4 120
410 3 4 121
417 4 3 122
427 1 3 123
427 4 8 124
429 6 4 125
429 8 6 126
436 1 9 127
436 3 4 128
437 7 5 129
449 2 5 130
453 4 6 131
455 2 5 132
460 5 4 133
460 8 9 134
470 8 8 135
474 8 9 136
478 4 1 137
489 3 2 138
490 4 5 139
496 5 2 140
496 5 8 141
503 7 6 142
503 7 6 143
504 2 4 144
508 3 2 145
510 4 5 146
511 9 3 147
516 1 8 148
519 7 2 149
522 6 5 150
522 9 9 151
525 2 8 152
531 1 6 153
532 5 2 154
540 9 2 155
547 6 6 156
548 7 5 157
548 9 5 158
554 1 2 159
558 1 8 160
560 3 8 161
560 6 2 162
572 7 2 163
577 8 8 164
578 2 6 165
579 5 6 166
581 4 6 167
582 8 5 168
587 4 7 169
587 7 9 170
591 3 8 171
592 3 2 172
592 5 7 173
593 9 8 174
604 2 4 175
610 9 9 176
611 7 4 177
617 3 5 178
617 4 6 179
619 5 7 180
621 5 5 181
623 4 5 182
625 3 6 183
627 9 5 184
630 2 5 185
631 5 3 186
632 5 2 187
634 5 3 188
639 3 4 189
640 5 5 190
652 3 6 191
655 5 6 192
657 4 3 193
672 3 7 194
676 5 4 195
676 5 7 196
676 7 4 197
679 8 3 198
682 9 2 199
687 5 5 200
694 9 9 201
696 6 6 202
697 4 7 203
702 6 8 204
704 4 9 205
704 5 8 206
707 2 3 207
723 2 9 208
732 1 6 209
733 4 6 210
733 8 1 211
735 6 9 212
738 4 6 213
744 1 3 214
750 4 5 215
753 2 5 216
754 8 3 217
758 7 2 218
769 9 7 219
772 2 4 220
772 5 1 221
774 2 5 222
779 2 7 223
781 7 9 224
782 8 3 225
787 2 8 226
787 5 1 227
797 1 5 228
801 6 3 229
804 7 2 230
809 9 3 231
811 9 9 232
817 7 8 233
817 9 7 234
821 7 4 235
830 1 1 236
830 3 4 237
835 3 1 238
839 8 4 239
840 7 1 240
841 1 4 241
849 3 8 242
849 9 4 243
853 1 7 244
857 9 4 245
859 2 2 246
860 6 4 247
862 3 2 248
865 1 6 249
865 2 2 250
868 2 3 251
869 9 7 252
870 2 9 253
875 2 8 254
876 3 8 255
876 8 5 256
878 2 9 257
884 4 5 258
885 3 2 259
893 3 2 260
894 3 2 261
895 3 6 262
896 6 3 263
906 2 1 264
908 7 9 265
922 4 9 266
925 8 6 267
930 2 1 268
931 1 2 269
932 4 9 270
939 5 4 271
942 9 7 272
943 4 2 273
949 9 6 274
950 4 8 275
951 8 8 276
954 4 2 277
955 6 5 278
957 5 1 279
964 4 6 280
968 8 2 281
970 6 9 282
977 7 2 283
978 4 8 284
984 1 9 285
986 5 6 286
990 6 4 287
994 2 7 288
1001 3 1 289
1002 6 2 290
1005 4 8 291
1011 5 8 292
1027 3 5 293
1047 1 2 294
1053 3 1 295
1056 8 8 296
1058 5 2 297
1059 9 2 298
1061 4 5 299
1063 3 3 300
1068 7 6 301
1087 5 6 302
1096 4 7 303
1100 9 7 304
1102 4 1 305
1105 8 3 306
1110 1 3 307
1117 4 4 308
1119 6 5 309
1121 1 2 310
1122 1 3 311
1133 5 4 312
1135 2 5 313
1136 4 1 314
1142 9 6 315
1149 2 4 316
1150 8 3 317
1160 3 9 318
1164 3 9 319
1165 2 2 320
1167 3 1 321
1170 4 3 322
1170 9 2 323
1173 6 9 324
1178 4 8 325
1183 4 2 326
1184 3 6 327
1184 7 9 328
1190 5 6 329
1190 8 6 330
1192 5 5 331
1196 3 8 332
1198 1 7 333
1199 1 2 334
1200 5 1 335
1208 7 9 336
1210 4 8 337
1216 4 1 338
1229 8 4 339
1230 6 3 340
1232 6 4 341
1233 6 7 342
1233 9 9 343
1234 7 4 344
1237 5 5 345
1238 7 5 346
1244 6 4 347
1250 2 8 348
1259 3 7 349
1262 5 2 350
1266 4 6 351
1270 4 5 352
1271 1 6 353
1272 9 6 354
1277 9 1 355
1280 8 3 356
1283 6 6 357
1287 1 9 358
1290 9 2 359
1296 2 7 360
1299 5 6 361
1305 3 9 362
1306 6 1 363
1308 9 7 364
1318 5 5 365
1319 8 3 366
1320 9 7 367
1322 2 4 368
1322 4 3 369
1322 5 7 370
1326 5 6 371
1333 5 7 372
1333 9 3 373
1337 9 8 374
1339 2 3 375
1345 1 3 376
1346 5 5 377
1352 8 2 378
1353 2 7 379
1353 5 6 380
1354 8 6 381
1360 8 5 382
1364 1 5 383
1374 8 9 384
1375 9 1 385
1377 4 7 386
1377 8 4 387
1378 1 9 388
1378 7 3 389
1386 3 9 390
1389 1 1 391
1389 7 4 392
1390 2 6 393
1390 8 8 394
1391 5 2 395
1395 1 4 396
1398 6 6 397
1400 5 3 398
1401 8 5 399
1402 9 8 400
1411 3 4 401
1412 3 8 402
1414 6 9 403
1418 1 4 404
1422 6 5 405
1424 3 5 406
1425 6 4 407
1434 1 8 408
1434 7 2 409
1441 8 8 410
1452 7 5 411
1464 7 7 412
1465 1 2 413
1472 1 2 414
1486 5 3 415
1491 4 2 416
1492 2 1 417
1497 9 5 418
1499 3 5 419
1508 8 2 420
1515 7 6 421
1518 3 8 422
1518 3 8 423
1519 3 8 424
1519 7 6 425
1529 7 1 426
1529 9 4 427
1534 4 9 428
1549 1 5 429
1549 2 4 430
1550 6 2 431
1551 4 4 432
1553 9 3 433
1555 4 7 434
1565 7 2 435
1572 7 2 436
1574 4 1 437
1575 4 3 438
1576 4 7 439
1579 7 4 440
1579 8 9 441
1581 5 5 442
1583 7 6 443
1590 2 4 444
1590 9 7 445
1592 5 9 446
1595 8 2 447
1596 3 2 448
1598 3 2 449
1599 7 9 450
1601 7 2 451
1603 6 8 452
1610 9 9 453
1611 1 5 454
1615 4 8 455
1617 3 4 456
1620 8 2 457
1621 6 3 458
1630 2 8 459
1632 7 1 460
1644 7 7 461
1651 3 7 462
1658 4 7 463
1662 7 8 464
1665 9 5 465
1667 5 8 466
1667 6 3 467
1670 1 3 468
1671 2 1 469
1675 4 2 470
1679 8 8 471
1681 4 4 472
1682 5 1 473
1683 7 2 474
1683 7 7 475
1702 6 1 476
1705 7 6 477
1709 4 3 478
1710 9 1 479
1712 9 1 480
1714 6 9 481
1714 8 3 482
1714 8 5 483
1716 3 2 484
1717 1 9 485
1717 6 6 486
1722 2 5 487
1726 2 8 488
1732 1 7 489
1732 5 5 490
1734 9 4 491
1736 1 9 492
1739 9 1 493
1740 8 5 494
1745 3 9 495
1747 7 6 496
1750 5 8 497
1753 5 8 498
1756 3 5 499
1757 5 4 500
1757 6 2 501
1759 4 6 502
1769 9 2 503
1770 4 9 504
1771 8 3 505
1776 6 8 506
1777 1 1 507
1779 9 5 508
1780 2 3 509
1780 5 8 510
1780 9 3 511
1781 3 8 512
1781 8 7 513
1782 1 1 514
1783 5 7 515
1784 8 4 516
1785 3 6 517
1787 6 3 518
1787 8 1 519
1789 5 7 520
1794 6 7 521
1796 9 1 522
1799 5 8 523
1800 9 9 524
1801 4 5 525
1815 9 9 526
1820 6 4 527
1820 8 9 528
1825 6 9 529
1831 3 8 530
1833 4 7 531
1839 3 5 532
1840 3 8 533
1842 7 7 534
1842 9 1 535
1857 2 3 536
1858 2 8 537
1872 2 4 538
1872 5 8 539
1875 5 1 540
1881 2 9 541
1888 2 1 542
1888 4 3 543
1891 5 7 544
1893 3 2 545
1895 9 7 546
1899 5 7 547
1900 7 2 548
1901 3 7 549
1904 9 5 550
1906 7 4 551
1911 6 6 552
1915 1 2 553
1915 9 7 554
1918 7 4 555
1920 6 7 556
1925 9 2 557
1930 9 6 558
1933 9 6 559
1934 3 4 560
1934 8 4 561
1939 9 4 562
1943 3 5 563
1945 4 6 564
1949 9 4 565
1950 3 6 566
1950 9 6 567
1951 5 6 568
1963 3 7 569
1964 5 2 570
1965 1 8 571
1968 6 6 572
1970 8 4 573
1970 8 6 574
1975 8 8 575
1981 7 7 576
1985 1 6 577
1987 5 4 578
1999 1 9 579
2001 3 3 580
2007 9 8 581
2012 4 6 582
2013 6 3 583
2017 5 9 584
2018 5 1 585
2022 5 4 586
2029 8 2 587
2036 2 6 588
2042 1 8 589
2042 8 3 590
2046 1 5 591
2047 7 6 592
2052 1 3 593
2052 6 7 594
2062 4 6 595
2062 6 8 596
2064 2 5 597
2069 8 8 598
2071 9 2 599
2079 2 4 600
2084 4 2 601
2092 7 2 602
2094 7 5 603
2094 9 4 604
2096 6 1 605
2103 4 6 606
2104 6 3 607
2106 4 5 608
2107 9 1 609
2111 6 6 610
2114 7 7 611
2122 2 3 612
2124 7 8 613
2125 3 1 614
2130 7 7 615
2133 9 6 616
2150 8 2 617
2158 9 9 618
2159 7 4 619
2160 2 8 620
2166 5 2 621
2169 3 7 622
2185 3 9 623
2188 3 4 624
2191 4 7 625
2198 4 6 626
2206 5 5 627
2207 4 3 628
2210 9 8 629
2216 3 4 630
2235 1 2 631
2239 3 9 632
2239 6 8 633
2240 8 9 634
2244 5 6 635
2245 2 2 636
2249 4 6 637
2251 6 2 638
2253 3 1 639
2257 9 6 640
2264 8 1 641
2265 9 4 642
2269 2 8 643
2269 3 6 644
2269 4 3 645
2273 1 2 646
2278 8 2 647
2278 9 3 648
2279 2 8 649
2286 4 5 650
2286 5 5 651
2287 3 7 652
2289 1 7 653
2291 2 1 654
2291 5 1 655
2292 5 5 656
2294 9 7 657
2296 6 7 658
2299 6 2 659
2300 5 2 660
2312 1 1 661
2320 1 4 662
2321 6 1 663
2324 1 5 664
2324 7 3 665
2325 7 6 666
2333 3 5 667
2334 2 4 668
2335 2 8 669
2353 5 8 670
2355 9 2 671
2356 6 7 672
2361 5 7 673
2361 6 6 674
2362 2 9 675
2371 3 7 676
2378 4 8 677
2382 4 8 678
2384 3 7 679
2393 9 8 680
2400 3 6 681
2402 4 3 682
2403 8 5 683
2409 5 1 684
2424 4 6 685
2426 7 2 686
2427 2 8 687
2427 8 2 688
2434 3 1 689
2437 4 3 690
2441 9 5 691
2446 7 3 692
2453 3 2 693
2455 7 9 694
2455 8 7 695
2464 1 5 696
2468 3 6 697
2474 8 5 698
2474 9 2 699
2476 2 6 700
2481 8 2 701
2483 1 7 702
2489 3 8 703
2494 3 1 704
2501 6 9 705
2503 8 5 706
2508 4 9 707
2512 3 8 708
2515 4 2 709
2518 9 8 710
2519 3 6 711
2521 4 9 712
2533 9 5 713
2534 3 6 714
2534 4 4 715
2538 3 1 716
2539 7 8 717
2539 8 3 718
2546 7 4 719
2558 3 9 720
2563 7 5 721
2565 4 3 722
2573 5 1 723
2575 2 7 724
2577 2 3 725
2578 1 7 726
2583 6 3 727
2585 6 7 728
2586 4 2 729
2601 9 6 730
2602 9 9 731
2605 9 1 732
2612 8 9 733
2614 8 1 734
2616 6 3 735
2616 7 9 736
2617 4 3 737
2618 9 2 738
2621 8 2 739
2624 2 4 740
2628 1 2 741
2633 8 2 742
2635 6 8 743
2641 4 9 744
2642 5 4 745
2646 3 4 746
2649 8 4 747
2650 4 3 748
2650 9 9 749
2651 3 1 750
2654 4 9 751
2656 4 3 752
2658 2 4 753
2667 2 5 754
2671 1 6 755
2671 4 9 756
2676 8 7 757
2686 3 3 758
2698 1 4 759
2701 2 6 760
2703 8 8 761
2707 1 5 762
2709 4 5 763
2710 1 5 764
2714 1 4 765
2722 7 8 766
2726 4 3 767
2729 4 2 768
2730 9 9 769
2737 2 5 770
2740 1 9 771
2744 6 8 772
2751 8 1 773
2752 9 4 774
2755 7 1 775
2763 4 1 776
2764 4 3 777
2764 5 7 778
2771 6 1 779
2775 5 6 780
2780 1 1 781
2780 5 2 782
2780 7 2 783
2785 6 9 784
2808 5 1 785
2818 2 4 786
2825 1 9 787
2825 4 1 788
2830 2 7 789
2833 2 5 790
2835 5 4 791
2836 9 6 792
2837 6 6 793
2840 2 9 794
2846 5 9 795
2847 9 1 796
2851 4 7 797
2856 3 3 798
2857 5 7 799
2858 2 4 800
2859 5 6 801
2871 4 6 802
2875 2 9 803
2876 9 4 804
2877 4 2 805
2878 1 4 806
2882 1 8 807
2882 6 6 808
2886 1 7 809
2886 1 9 810
2889 1 4 811
2893 4 3 812
2901 1 4 813
2909 2 1 814
2911 1 1 815
2917 4 6 816
2922 1 2 817
2924 8 4 818
2926 4 6 819
2928 3 4 820
2936 5 1 821
2940 1 3 822
2944 6 2 823
2947 9 2 824
2959 5 8 825
2963 1 8 826
2966 9 4 827
2970 9 4 828
2975 8 4 829
2979 1 9 830
2980 5 3 831
2983 7 5 832
2990 1 5 833
2990 6 7 834
2992 2 2 835
2993 9 7 836
2997 4 4 837
2999 8 5 838
2999 9 1 839
2999 9 2 840
3000 1 9 841
3008 5 2 842
3008 5 5 843
3015 4 5 844
3034 4 3 845
3040 6 5 846
3041 7 5 847
3048 2 3 848
3050 5 4 849
3055 4 2 850
3055 7 5 851
3058 7 1 852
3062 5 1 853
3068 7 1 854
3070 4 4 855
3071 2 8 856
3071 8 1 857
3073 3 3 858
3073 3 9 859
3078 2 7 860
3079 9 4 861
3093 2 5 862
3096 8 8 863
3098 3 7 864
3101 6 4 865
3102 1 5 866
3109 7 9 867
3110 5 5 868
3110 5 6 869
3110 6 7 870
3111 8 6 871
3121 1 4 872
3121 1 9 873
3143 3 1 874
3148 5 8 875
3154 8 9 876
3155 3 6 877
3161 7 6 878
3161 8 8 879
3162 1 4 880
3162 6 9 881
3163 9 7 882
3166 4 6 883
3170 4 1 884
3173 3 4 885
3180 7 1 886
3184 1 3 887
3184 6 1 888
3189 2 5 889
3193 1 5 890
3193 9 8 891
3200 5 9 892
3201 4 2 893
3201 7 2 894
3203 6 6 895
3204 8 8 896
3209 1 9 897
3213 5 7 898
3216 2 9 899
3217 2 6 900
3219 7 8 901
3228 9 5 902
3231 9 3 903
3236 8 2 904
3244 3 9 905
3247 2 7 906
3250 4 5 907
3255 4 3 908
3259 5 7 909
3267 3 4 910
3271 2 5 911
3276 4 2 912
3277 9 7 913
3278 9 6 914
3279 2 1 915
3284 9 1 916
3288 8 7 917
3290 8 5 918
3294 3 4 919
3298 6 5 920
3298 9 2 921
3299 3 4 922
3306 7 1 923
3308 1 1 924
3311 8 8 925
3312 5 7 926
3316 9 5 927
3318 3 6 928
3320 1 6 929
3320 3 8 930
3322 5 2 931
3330 2 3 932
3330 6 6 933
3332 3 2 934
3338 9 4 935
3341 7 9 936
3341 9 6 937
3344 8 1 938
3354 3 5 939
3359 5 7 940
3359 8 6 941
3364 8 6 942
3366 5 5 943
3371 1 9 944
3371 6 5 945
3381 4 4 946
3384 7 5 947
3391 3 6 948
3391 7 5 949
3391 9 7 950
3394 4 9 951
3394 5 2 952
3395 6 9 953
3397 8 5 954
3398 2 5 955
3401 1 8 956
3408 5 9 957
3409 9 5 958
3415 9 1 959
3417 2 4 960
3421 5 2 961
3421 8 5 962
3423 8 8 963
3431 6 6 964
3440 5 2 965
3451 2 1 966
3454 6 2 967
3454 7 4 968
3459 5 7 969
3460 9 6 970
3462 4 4 971
3469 6 8 972
3481 1 4 973
3483 1 8 974
3483 5 6 975
3483 5 9 976
3488 8 5 977
3489 1 1 978
3496 4 9 979
3497 2 6 980
3502 4 6 981
3505 6 4 982
3506 4 4 983
3528 2 3 984
3534 9 4 985
3535 7 4 986
3541 3 3 987
3542 5 2 988
3543 4 8 989
3547 6 9 990
3549 6 6 991
3550 9 4 992
3573 1 7 993
3575 5 5 994
3577 3 8 995
3578 8 5 996
3580 4 2 997
3583 6 2 998
3588 9 7 999
3591 7 6 1000
