2 4 2 1
2 4 5 2
5 2 2 3
5 3 5 4
5 4 8 5
5 7 8 6
5 9 9 7
5 9 9 8
7 4 3 9
9 1 5 10
10 9 1 11
11 7 1 12
12 4 8 13
12 4 9 14
12 8 9 15
13 5 6 16
13 9 6 17
16 9 5 18
17 9 5 19
19 6 2 20
21 8 8 21
24 1 5 22
24 2 9 23
24 4 8 24
24 6 2 25
25 1 4 26
25 2 7 27
25 3 2 28
26 6 7 29
28 4 6 30
30 6 2 31
31 3 1 32
31 8 7 33
32 3 4 34
32 4 9 35
34 1 4 36
35 1 7 37
36 6 7 38
36 7 4 39
37 5 8 40
38 4 4 41
38 6 9 42
39 7 3 43
39 7 7 44
40 4 1 45
42 8 8 46
42 9 6 47
43 9 5 48
47 8 9 49
48 5 4 50
49 1 3 51
49 5 2 52
49 7 5 53
50 2 7 54
50 6 6 55
51 5 2 56
51 5 8 57
52 4 5 58
53 2 1 59
53 5 8 60
54 5 5 61
54 7 3 62
55 7 4 63
57 1 9 64
59 9 3 65
62 2 9 66
64 1 6 67
64 8 6 68
64 9 7 69
67 8 4 70
72 2 2 71
72 2 7 72
73 7 1 73
74 6 1 74
74 6 1 75
74 8 8 76
75 1 6 77
75 7 7 78
77 5 3 79
78 1 4 80
78 5 9 81
79 5 8 82
80 6 8 83
81 2 9 84
82 4 9 85
85 2 3 86
88 8 7 87
89 5 6 88
89 6 4 89
90 2 4 90
90 5 4 91
90 5 6 92
91 5 3 93
91 6 1 94
91 7 3 95
92 3 3 96
93 6 3 97
93 8 8 98
95 6 2 99
97 9 7 100
98 6 2 101
98 9 8 102
101 3 3 103
102 1 1 104
102 2 9 105
102 7 7 106
103 3 5 107
103 5 9 108
103 6 4 109
104 1 2 110
105 5 6 111
106 9 9 112
107 1 8 113
107 7 1 114
108 1 8 115
108 2 8 116
108 4 5 117
110 7 9 118
112 1 4 119
112 2 4 120
113 6 3 121
114 6 2 122
115 2 3 123
117 5 4 124
117 8 9 125
118 4 9 126
119 5 3 127
119 8 8 128
119 9 3 129
121 8 2 130
123 6 9 131
127 1 6 132
127 6 4 133
128 6 7 134
128 9 6 135
131 9 5 136
133 1 6 137
133 3 2 138
133 5 2 139
133 9 3 140
133 9 6 141
134 2 8 142
134 5 4 143
134 9 3 144
135 5 6 145
135 9 1 146
136 5 3 147
136 6 7 148
137 5 6 149
137 5 9 150
138 2 1 151
138 6 1 152
138 6 5 153
139 5 7 154
140 5 5 155
145 6 8 156
147 6 3 157
149 6 5 158
149 9 7 159
151 1 5 160
152 6 8 161
154 8 6 162
156 1 2 163
156 9 6 164
157 3 7 165
157 5 5 166
158 7 8 167
158 9 3 168
160 4 9 169
160 8 2 170
161 3 4 171
161 7 7 172
165 6 4 173
166 8 8 174
168 2 4 175
170 8 4 176
171 6 5 177
171 9 1 178
172 3 2 179
173 9 1 180
174 4 7 181
175 3 7 182
176 1 3 183
177 4 2 184
177 6 8 185
178 8 3 186
179 9 7 187
180 3 2 188
180 8 2 189
181 1 6 190
181 3 1 191
182 2 6 192
183 7 6 193
184 8 4 194
184 9 8 195
186 3 8 196
186 4 3 197
186 6 9 198
186 8 7 199
187 3 6 200
187 9 6 201
188 1 8 202
188 7 1 203
188 7 6 204
191 6 3 205
192 9 7 206
193 9 5 207
194 3 4 208
196 2 7 209
196 5 2 210
197 2 6 211
197 4 2 212
197 9 1 213
200 1 2 214
201 8 1 215
202 8 3 216
204 3 4 217
204 3 8 218
204 6 5 219
205 4 7 220
206 9 5 221
210 2 1 222
211 8 7 223
213 5 9 224
214 7 3 225
215 8 2 226
218 1 4 227
220 2 8 228
220 8 1 229
221 2 4 230
221 8 7 231
224 5 5 232
224 9 7 233
225 6 5 234
227 9 4 235
229 2 2 236
231 2 1 237
231 8 8 238
233 4 2 239
234 8 9 240
236 1 1 241
239 3 5 242
239 4 3 243
239 5 1 244
240 8 7 245
241 4 2 246
241 6 2 247
241 9 2 248
242 4 1 249
242 9 1 250
243 8 2 251
243 8 3 252
244 5 7 253
244 6 5 254
245 4 7 255
245 4 8 256
245 5 3 257
246 7 6 258
249 3 3 259
251 2 3 260
252 4 7 261
255 5 2 262
256 5 2 263
257 5 1 264
257 8 2 265
258 1 1 266
258 4 6 267
259 4 4 268
259 7 1 269
260 5 4 270
261 4 5 271
261 6 7 272
264 3 3 273
265 1 6 274
265 1 8 275
266 9 3 276
267 7 2 277
267 8 8 278
267 9 4 279
268 4 5 280
268 6 1 281
270 9 4 282
271 3 1 283
272 3 9 284
273 3 8 285
273 4 8 286
273 4 8 287
274 4 3 288
275 9 8 289
277 6 5 290
277 6 8 291
277 9 7 292
278 2 2 293
278 2 6 294
278 6 1 295
279 2 9 296
279 6 3 297
279 9 6 298
280 8 4 299
281 3 9 300
284 4 8 301
284 7 3 302
285 8 5 303
289 8 4 304
290 3 2 305
290 9 3 306
291 7 3 307
292 4 3 308
292 5 5 309
293 1 1 310
293 7 2 311
293 8 9 312
294 2 2 313
295 8 4 314
297 3 3 315
297 9 3 316
297 9 7 317
298 3 3 318
299 4 2 319
299 7 3 320
300 4 8 321
300 9 9 322
301 4 7 323
301 5 3 324
301 9 4 325
301 9 8 326
303 4 7 327
304 1 3 328
304 1 7 329
307 7 2 330
307 8 4 331
308 2 1 332
308 6 7 333
308 7 6 334
309 9 9 335
313 7 5 336
313 8 8 337
315 2 7 338
319 6 4 339
321 9 2 340
322 6 8 341
323 3 1 342
324 8 2 343
325 1 7 344
325 7 8 345
326 1 6 346
326 3 9 347
327 3 9 348
327 6 3 349
328 1 6 350
329 6 7 351
331 5 3 352
332 1 5 353
332 5 3 354
333 7 8 355
334 8 4 356
334 9 9 357
336 5 4 358
338 2 3 359
338 4 9 360
338 7 8 361
339 8 9 362
340 2 3 363
340 7 9 364
343 8 5 365
343 8 9 366
344 3 1 367
344 3 5 368
344 3 8 369
344 4 1 370
344 5 3 371
345 4 2 372
346 1 3 373
346 9 9 374
347 3 2 375
347 5 8 376
348 6 3 377
349 7 8 378
351 2 8 379
351 4 8 380
353 1 2 381
354 8 5 382
355 3 8 383
355 6 3 384
355 6 4 385
356 8 1 386
357 2 5 387
359 2 8 388
360 6 7 389
361 1 1 390
361 4 7 391
362 1 2 392
362 7 5 393
365 2 5 394
365 6 4 395
368 4 4 396
369 7 8 397
370 7 9 398
372 6 3 399
373 5 5 400
374 9 5 401
376 5 2 402
379 5 8 403
379 6 6 404
380 5 3 405
382 3 3 406
382 9 3 407
383 7 7 408
384 6 4 409
386 4 2 410
386 9 8 411
387 6 8 412
388 7 2 413
388 7 7 414
388 8 2 415
388 8 3 416
392 6 4 417
392 7 2 418
393 6 5 419
393 7 8 420
393 8 7 421
396 4 1 422
396 5 1 423
396 5 6 424
396 9 1 425
398 7 1 426
398 8 3 427
399 7 5 428
399 9 2 429
400 3 8 430
400 5 7 431
401 1 5 432
402 3 6 433
402 8 3 434
403 1 1 435
403 7 6 436
404 8 6 437
405 3 5 438
405 5 3 439
405 7 4 440
408 1 1 441
408 8 3 442
409 7 4 443
410 7 9 444
410 9 8 445
411 3 9 446
411 6 1 447
411 8 3 448
411 9 5 449
414 8 9 450
416 1 6 451
418 1 4 452
419 2 9 453
420 1 3 454
421 1 9 455
421 6 9 456
421 7 1 457
421 9 4 458
424 6 6 459
425 7 9 460
425 9 8 461
426 9 9 462
427 5 7 463
427 7 5 464
428 6 1 465
428 6 7 466
429 5 3 467
430 2 2 468
430 4 4 469
430 8 2 470
432 5 4 471
434 1 8 472
434 9 3 473
435 9 5 474
436 1 3 475
436 7 6 476
436 9 3 477
437 3 9 478
437 8 6 479
438 9 5 480
439 2 8 481
440 4 3 482
442 2 6 483
443 2 2 484
445 9 3 485
446 1 7 486
447 1 3 487
447 2 5 488
447 7 9 489
448 2 8 490
448 9 6 491
448 9 9 492
449 6 4 493
450 2 6 494
451 2 1 495
451 2 6 496
452 2 2 497
455 9 9 498
456 3 3 499
456 4 4 500
456 6 5 501
457 6 4 502
458 1 9 503
458 3 6 504
458 8 6 505
459 7 2 506
459 8 2 507
461 4 9 508
464 6 1 509
467 8 8 510
468 4 4 511
469 6 5 512
470 1 3 513
470 6 2 514
471 9 9 515
472 1 6 516
472 5 3 517
473 1 4 518
474 9 1 519
475 3 7 520
475 4 6 521
475 4 9 522
475 6 5 523
475 7 3 524
476 8 6 525
478 3 6 526
478 5 3 527
480 5 5 528
481 6 6 529
482 9 5 530
483 2 2 531
483 2 8 532
483 9 1 533
485 6 5 534
486 6 6 535
486 7 8 536
487 2 4 537
488 9 5 538
490 5 8 539
492 1 8 540
492 3 6 541
493 2 2 542
493 4 1 543
493 9 4 544
493 9 9 545
494 6 8 546
495 1 8 547
495 5 7 548
497 3 1 549
498 4 7 550
499 1 7 551
499 4 9 552
499 5 4 553
499 5 8 554
503 4 1 555
504 2 2 556
504 5 1 557
506 1 3 558
507 6 8 559
507 8 3 560
508 1 1 561
508 7 4 562
510 7 2 563
510 7 9 564
512 2 2 565
512 3 6 566
514 1 5 567
517 7 4 568
521 8 5 569
522 3 8 570
522 7 3 571
523 3 9 572
523 7 9 573
524 2 6 574
525 4 1 575
528 3 4 576
528 8 7 577
528 8 9 578
530 2 5 579
531 4 7 580
533 4 4 581
533 6 4 582
534 6 2 583
535 2 6 584
535 7 1 585
537 9 1 586
537 9 4 587
539 6 2 588
539 8 6 589
540 1 2 590
540 1 7 591
540 6 8 592
540 7 3 593
541 3 3 594
541 7 4 595
542 6 4 596
542 6 6 597
542 6 9 598
544 4 9 599
546 6 9 600
547 4 7 601
548 9 6 602
550 3 3 603
553 1 1 604
553 8 3 605
554 6 7 606
554 7 2 607
554 7 6 608
556 5 6 609
556 7 1 610
556 9 3 611
558 5 9 612
560 1 3 613
560 1 3 614
560 5 5 615
561 2 5 616
561 5 5 617
565 3 1 618
565 8 6 619
566 4 9 620
567 4 2 621
569 8 4 622
570 6 2 623
570 6 8 624
571 4 7 625
571 5 6 626
572 5 3 627
572 8 6 628
575 2 9 629
575 7 8 630
577 7 9 631
579 9 7 632
581 9 7 633
584 6 4 634
585 1 3 635
585 6 1 636
586 2 1 637
587 4 4 638
588 7 5 639
590 4 1 640
591 2 3 641
592 3 4 642
592 8 6 643
593 1 1 644
593 2 5 645
595 3 5 646
596 5 3 647
597 2 6 648
597 5 1 649
597 6 5 650
598 3 8 651
598 4 6 652
598 8 9 653
599 4 2 654
600 3 7 655
601 1 3 656
601 7 9 657
602 3 7 658
602 5 1 659
602 8 7 660
604 1 7 661
604 8 1 662
604 9 3 663
605 2 3 664
605 9 6 665
606 7 3 666
608 7 8 667
609 1 1 668
609 4 7 669
609 5 5 670
609 5 5 671
610 7 1 672
610 8 1 673
610 9 5 674
612 3 4 675
613 2 4 676
613 3 3 677
614 4 3 678
615 3 4 679
615 4 8 680
618 7 1 681
621 7 7 682
621 9 8 683
622 1 1 684
622 8 6 685
623 5 4 686
623 6 2 687
624 1 4 688
625 7 2 689
625 7 3 690
625 8 5 691
630 5 3 692
631 2 6 693
632 5 3 694
633 1 2 695
633 2 9 696
634 1 5 697
634 9 5 698
635 3 4 699
635 9 7 700
636 4 7 701
637 9 6 702
639 5 3 703
640 5 2 704
640 6 2 705
640 7 9 706
642 2 4 707
642 3 8 708
642 5 7 709
642 9 5 710
643 3 1 711
644 2 2 712
645 1 7 713
646 1 3 714
647 2 8 715
647 7 4 716
647 7 6 717
648 8 1 718
649 9 4 719
650 4 1 720
653 5 5 721
654 7 8 722
655 7 8 723
656 3 8 724
657 7 6 725
660 2 8 726
660 5 7 727
660 6 9 728
660 9 9 729
661 1 3 730
661 2 6 731
663 1 8 732
664 2 7 733
665 3 8 734
665 4 1 735
666 5 8 736
666 8 8 737
666 8 8 738
667 6 1 739
667 6 1 740
668 2 5 741
669 2 5 742
672 6 7 743
673 1 5 744
673 1 8 745
673 4 2 746
673 9 1 747
674 7 5 748
674 8 7 749
676 4 2 750
677 2 8 751
677 4 2 752
679 7 8 753
683 6 5 754
684 4 2 755
684 8 3 756
685 1 3 757
685 3 7 758
685 5 1 759
686 7 8 760
687 6 7 761
690 5 9 762
691 8 4 763
692 8 1 764
693 7 7 765
695 4 1 766
695 4 6 767
696 2 5 768
696 5 3 769
696 8 7 770
698 3 6 771
700 2 7 772
700 4 4 773
700 9 9 774
702 2 6 775
702 4 6 776
707 1 5 777
707 2 1 778
709 7 4 779
709 7 6 780
711 2 1 781
712 9 5 782
713 1 2 783
716 1 2 784
716 1 9 785
716 2 8 786
717 5 1 787
717 6 4 788
717 9 8 789
718 1 7 790
718 2 6 791
718 2 9 792
720 2 6 793
721 3 5 794
721 3 9 795
721 8 9 796
723 1 8 797
724 3 7 798
724 3 7 799
724 4 8 800
724 5 4 801
725 4 7 802
725 6 2 803
726 5 5 804
726 9 4 805
727 4 2 806
727 7 1 807
728 2 3 808
728 7 4 809
728 8 5 810
728 8 6 811
731 1 3 812
731 5 8 813
731 7 8 814
732 8 5 815
733 4 7 816
734 3 6 817
736 1 5 818
736 9 8 819
739 4 3 820
741 4 5 821
741 7 4 822
742 8 9 823
743 6 7 824
747 8 6 825
748 7 8 826
749 4 3 827
750 5 8 828
751 6 5 829
751 8 3 830
753 6 9 831
753 9 6 832
754 4 2 833
754 7 8 834
755 4 3 835
755 9 6 836
756 6 5 837
758 5 9 838
759 8 8 839
760 5 5 840
760 7 6 841
761 2 7 842
761 6 8 843
762 1 3 844
765 9 2 845
766 7 6 846
766 8 2 847
767 1 3 848
767 5 8 849
767 8 2 850
767 8 9 851
767 9 6 852
768 4 4 853
769 3 3 854
770 2 1 855
770 6 4 856
770 8 3 857
772 1 7 858
774 3 2 859
774 7 6 860
774 8 3 861
775 3 9 862
775 9 8 863
776 2 1 864
776 2 1 865
776 9 4 866
778 8 3 867
780 2 7 868
780 7 4 869
781 1 6 870
782 3 7 871
783 1 4 872
783 6 6 873
784 7 6 874
785 6 9 875
787 2 1 876
787 6 1 877
788 6 1 878
789 8 7 879
791 7 4 880
791 7 6 881
792 5 4 882
793 4 1 883
794 9 9 884
795 3 8 885
795 5 9 886
795 7 4 887
798 1 5 888
798 5 9 889
798 7 3 890
799 1 9 891
799 3 9 892
801 3 8 893
802 4 1 894
802 5 4 895
803 2 8 896
805 8 3 897
805 9 4 898
806 5 1 899
806 6 7 900
807 9 4 901
808 2 5 902
809 6 1 903
812 3 1 904
813 9 4 905
814 1 3 906
815 6 6 907
816 4 6 908
816 6 4 909
817 6 7 910
818 2 3 911
820 8 7 912
820 8 8 913
821 6 4 914
822 1 9 915
822 8 7 916
823 3 8 917
823 9 6 918
824 6 6 919
825 9 6 920
826 5 4 921
828 9 3 922
829 3 6 923
831 9 7 924
833 2 9 925
834 3 1 926
834 4 3 927
834 6 5 928
837 1 5 929
837 6 9 930
838 5 8 931
839 8 7 932
840 3 5 933
842 9 9 934
843 2 8 935
843 3 2 936
843 5 5 937
843 7 8 938
843 9 3 939
844 5 9 940
844 8 2 941
845 2 9 942
846 9 2 943
846 9 3 944
848 1 6 945
848 2 4 946
848 8 3 947
849 8 8 948
850 1 1 949
850 4 2 950
851 5 4 951
852 6 5 952
853 4 9 953
855 8 5 954
856 8 8 955
857 7 7 956
857 9 6 957
858 2 3 958
860 7 6 959
860 8 1 960
861 7 1 961
862 1 9 962
862 6 4 963
862 7 6 964
863 8 1 965
864 6 3 966
864 7 2 967
865 1 2 968
866 8 7 969
870 4 7 970
870 6 7 971
870 8 7 972
872 2 9 973
872 4 7 974
872 6 7 975
874 6 2 976
875 1 3 977
875 9 3 978
876 5 3 979
879 3 7 980
880 5 5 981
880 6 5 982
880 7 6 983
880 9 7 984
882 7 1 985
882 7 2 986
882 7 7 987
883 9 5 988
886 7 9 989
887 2 9 990
891 6 1 991
891 7 6 992
891 8 7 993
892 6 9 994
894 3 9 995
894 9 7 996
895 7 4 997
896 5 9 998
897 2 4 999
897 2 8 1000
897 8 2 1001
898 2 6 1002
899 1 8 1003
899 2 9 1004
899 6 5 1005
900 2 1 1006
900 9 8 1007
901 4 6 1008
901 6 6 1009
902 2 9 1010
903 6 8 1011
904 2 8 1012
904 4 7 1013
905 8 4 1014
906 8 2 1015
909 5 7 1016
909 6 9 1017
909 7 2 1018
909 8 3 1019
910 3 8 1020
910 6 2 1021
910 9 7 1022
911 2 8 1023
911 4 5 1024
911 4 7 1025
911 6 8 1026
917 6 4 1027
918 3 5 1028
918 7 4 1029
919 5 3 1030
920 1 4 1031
920 7 9 1032
922 1 1 1033
922 4 7 1034
923 3 5 1035
923 5 6 1036
923 6 5 1037
923 6 8 1038
923 8 5 1039
924 2 3 1040
924 5 3 1041
925 1 3 1042
925 3 1 1043
927 1 8 1044
927 3 8 1045
927 4 4 1046
927 4 5 1047
928 7 2 1048
929 1 7 1049
929 4 4 1050
930 6 2 1051
930 7 3 1052
931 1 2 1053
931 5 5 1054
931 8 1 1055
932 3 1 1056
934 1 1 1057
934 7 5 1058
934 8 5 1059
934 9 3 1060
939 7 3 1061
940 6 3 1062
940 8 3 1063
941 2 6 1064
942 4 7 1065
944 5 8 1066
944 8 2 1067
946 1 1 1068
946 5 4 1069
947 2 6 1070
948 3 5 1071
948 4 4 1072
949 6 7 1073
950 6 5 1074
950 7 9 1075
952 3 2 1076
952 3 7 1077
952 5 8 1078
954 3 1 1079
954 8 1 1080
956 8 4 1081
956 8 9 1082
957 4 5 1083
957 4 6 1084
957 6 2 1085
958 3 5 1086
958 8 3 1087
959 1 9 1088
959 7 1 1089
960 6 6 1090
964 2 8 1091
964 5 7 1092
964 7 8 1093
965 1 4 1094
965 5 7 1095
965 6 2 1096
966 9 6 1097
967 5 3 1098
968 6 1 1099
968 8 4 1100
970 4 9 1101
971 9 6 1102
973 5 5 1103
975 4 6 1104
976 8 2 1105
977 5 1 1106
977 5 2 1107
977 8 8 1108
978 2 3 1109
978 6 6 1110
980 7 8 1111
982 6 3 1112
983 8 1 1113
985 7 2 1114
985 8 5 1115
985 9 3 1116
986 3 8 1117
986 9 3 1118
987 2 9 1119
988 3 3 1120
988 7 6 1121
992 4 5 1122
992 9 5 1123
995 3 9 1124
995 4 7 1125
995 7 4 1126
995 9 7 1127
996 9 2 1128
997 1 5 1129
1001 8 6 1130
1003 5 7 1131
1004 5 2 1132
1004 6 1 1133
1004 7 8 1134
1004 9 3 1135
1005 9 2 1136
1006 1 5 1137
1007 5 4 1138
1008 6 5 1139
1008 7 4 1140
1009 2 2 1141
1011 5 6 1142
1011 8 4 1143
1011 8 9 1144
1012 6 9 1145
1012 8 1 1146
1012 9 4 1147
1012 9 8 1148
1013 1 4 1149
1013 8 6 1150
1014 3 5 1151
1015 2 1 1152
1016 4 4 1153
1016 8 5 1154
1016 9 2 1155
1018 6 9 1156
1018 8 5 1157
1021 2 9 1158
1023 6 3 1159
1023 9 8 1160
1025 1 4 1161
1027 4 2 1162
1027 5 9 1163
1027 7 4 1164
1030 8 9 1165
1031 2 4 1166
1031 2 8 1167
1032 2 8 1168
1032 5 7 1169
1033 2 4 1170
1033 2 7 1171
1033 3 1 1172
1033 9 4 1173
1034 8 9 1174
1035 2 2 1175
1037 3 3 1176
1037 5 8 1177
1037 6 4 1178
1038 2 6 1179
1039 4 8 1180
1040 5 2 1181
1041 4 1 1182
1041 4 3 1183
1042 4 3 1184
1043 7 8 1185
1045 5 2 1186
1045 7 1 1187
1045 8 4 1188
1046 2 1 1189
1048 6 8 1190
1049 3 7 1191
1050 5 5 1192
1050 5 8 1193
1052 5 4 1194
1055 5 8 1195
1058 4 4 1196
1058 5 9 1197
1063 1 3 1198
1064 5 8 1199
1066 5 9 1200
1066 9 8 1201
1067 4 5 1202
1067 7 2 1203
1068 1 8 1204
1069 5 7 1205
1069 8 8 1206
1071 8 7 1207
1072 6 9 1208
1075 2 8 1209
1076 2 6 1210
1077 1 4 1211
1077 4 5 1212
1077 9 8 1213
1079 4 2 1214
1080 9 6 1215
1082 4 2 1216
1082 8 1 1217
1083 7 8 1218
1086 5 8 1219
1088 1 9 1220
1091 1 1 1221
1091 1 2 1222
1092 4 7 1223
1092 8 6 1224
1094 3 5 1225
1096 8 3 1226
1099 7 2 1227
1101 2 1 1228
1105 2 3 1229
1111 7 3 1230
1112 5 2 1231
1113 1 7 1232
1113 6 4 1233
1113 6 5 1234
1113 8 2 1235
1115 3 4 1236
1115 7 3 1237
1115 7 8 1238
1115 9 8 1239
1117 3 5 1240
1117 3 5 1241
1118 3 1 1242
1119 8 8 1243
1120 2 3 1244
1121 2 7 1245
1126 9 9 1246
1127 9 5 1247
1128 3 4 1248
1128 8 7 1249
1130 2 1 1250
1131 9 2 1251
1131 9 6 1252
1132 9 3 1253
1134 1 6 1254
1137 2 9 1255
1137 8 5 1256
1139 2 6 1257
1139 3 2 1258
1139 3 3 1259
1139 3 9 1260
1139 6 4 1261
1141 8 8 1262
1142 1 1 1263
1143 4 1 1264
1144 4 5 1265
1145 7 1 1266
1145 8 3 1267
1147 6 5 1268
1149 5 3 1269
1150 7 6 1270
1151 3 7 1271
1152 6 4 1272
1154 1 5 1273
1154 4 2 1274
1155 9 7 1275
1156 2 2 1276
1159 9 6 1277
1160 4 3 1278
1160 6 8 1279
1160 9 7 1280
1160 9 8 1281
1161 1 2 1282
1161 2 1 1283
1161 5 8 1284
1162 3 4 1285
1162 7 8 1286
1163 2 5 1287
1163 7 5 1288
1164 2 4 1289
1164 6 3 1290
1169 7 7 1291
1171 8 9 1292
1172 1 3 1293
1172 6 3 1294
1172 7 1 1295
1172 7 6 1296
1173 1 4 1297
1174 5 2 1298
1175 3 9 1299
1176 1 2 1300
1177 1 9 1301
1179 1 3 1302
1179 3 9 1303
1181 2 4 1304
1181 3 7 1305
1181 8 5 1306
1182 4 9 1307
1182 5 3 1308
1184 6 3 1309
1185 6 2 1310
1186 2 1 1311
1187 1 8 1312
1188 3 7 1313
1188 4 9 1314
1188 6 6 1315
1188 8 5 1316
1189 5 9 1317
1189 5 9 1318
1189 6 7 1319
1191 2 8 1320
1192 5 6 1321
1192 7 6 1322
1193 4 2 1323
1195 3 1 1324
1197 6 7 1325
1197 7 5 1326
1200 4 5 1327
1200 4 9 1328
1200 9 7 1329
1201 5 6 1330
1203 5 4 1331
1204 3 6 1332
1206 1 4 1333
1206 2 9 1334
1206 6 3 1335
1208 1 9 1336
1210 5 2 1337
1211 3 6 1338
1212 2 8 1339
1213 2 6 1340
1213 4 1 1341
1213 8 7 1342
1214 3 5 1343
1216 5 4 1344
1218 5 7 1345
1219 2 3 1346
1219 8 8 1347
1221 2 2 1348
1221 3 3 1349
1221 9 7 1350
1222 2 9 1351
1222 5 9 1352
1223 2 4 1353
1223 7 3 1354
1224 1 5 1355
1225 1 7 1356
1225 4 2 1357
1225 9 3 1358
1226 4 6 1359
1227 2 4 1360
1227 2 9 1361
1229 3 8 1362
1231 3 5 1363
1233 5 9 1364
1233 7 8 1365
1235 3 7 1366
1237 1 1 1367
1239 4 8 1368
1239 5 3 1369
1239 6 2 1370
1241 8 3 1371
1242 1 1 1372
1243 4 4 1373
1244 8 5 1374
1246 3 6 1375
1246 7 6 1376
1248 1 1 1377
1248 6 9 1378
1249 2 9 1379
1249 4 4 1380
1251 4 3 1381
1252 4 1 1382
1252 8 8 1383
1253 1 2 1384
1253 5 9 1385
1256 1 5 1386
1256 1 8 1387
1256 4 9 1388
1256 8 4 1389
1257 3 5 1390
1258 4 1 1391
1258 4 6 1392
1258 9 1 1393
1259 8 2 1394
1261 8 1 1395
1261 9 4 1396
1262 9 7 1397
1263 1 1 1398
1263 8 8 1399
1267 2 3 1400
1267 2 4 1401
1268 2 3 1402
1270 6 3 1403
1271 1 1 1404
1271 1 4 1405
1271 5 4 1406
1272 7 7 1407
1272 7 9 1408
1272 8 8 1409
1273 9 3 1410
1274 4 4 1411
1279 5 2 1412
1280 7 2 1413
1284 5 4 1414
1285 5 2 1415
1287 6 1 1416
1287 8 3 1417
1288 1 5 1418
1289 8 7 1419
1291 3 3 1420
1291 8 2 1421
1291 8 5 1422
1293 8 8 1423
1295 2 7 1424
1295 3 3 1425
1296 9 6 1426
1297 2 1 1427
1297 9 3 1428
1299 6 9 1429
1301 1 3 1430
1304 9 4 1431
1305 1 1 1432
1305 6 7 1433
1305 9 3 1434
1306 1 9 1435
1306 2 2 1436
1306 4 5 1437
1306 7 1 1438
1307 2 6 1439
1308 7 9 1440
1310 1 6 1441
1311 1 4 1442
1312 5 8 1443
1312 9 8 1444
1313 7 7 1445
1315 9 3 1446
1316 3 4 1447
1316 4 9 1448
1317 1 6 1449
1317 3 9 1450
1317 5 3 1451
1317 6 6 1452
1318 5 9 1453
1319 4 3 1454
1320 4 5 1455
1320 8 7 1456
1322 6 4 1457
1324 2 5 1458
1324 5 6 1459
1324 7 2 1460
1327 8 2 1461
1328 9 6 1462
1329 8 3 1463
1329 9 8 1464
1332 5 7 1465
1333 5 8 1466
1334 2 4 1467
1336 7 5 1468
1336 8 3 1469
1337 1 6 1470
1337 2 7 1471
1338 6 2 1472
1341 4 6 1473
1347 5 7 1474
1347 6 7 1475
1348 6 3 1476
1350 2 6 1477
1351 9 7 1478
1352 6 1 1479
1353 2 5 1480
1353 2 6 1481
1353 6 4 1482
1354 4 7 1483
1354 9 8 1484
1356 6 2 1485
1356 8 9 1486
1359 2 3 1487
1359 9 3 1488
1360 6 6 1489
1361 4 7 1490
1362 6 5 1491
1362 8 4 1492
1362 9 2 1493
1363 9 8 1494
1364 9 2 1495
1366 9 3 1496
1368 2 4 1497
1370 8 1 1498
1370 8 7 1499
1371 8 8 1500
1372 8 1 1501
1374 3 9 1502
1374 5 1 1503
1375 4 1 1504
1376 7 8 1505
1376 9 7 1506
1377 2 5 1507
1377 8 3 1508
1378 9 3 1509
1379 7 1 1510
1380 5 9 1511
1380 8 7 1512
1380 9 1 1513
1384 1 3 1514
1384 1 4 1515
1385 7 3 1516
1387 2 3 1517
1389 1 1 1518
1389 2 5 1519
1392 3 4 1520
1392 7 9 1521
1396 9 3 1522
1399 1 3 1523
1400 4 2 1524
1400 4 5 1525
1402 7 3 1526
1403 4 3 1527
1404 3 7 1528
1406 2 1 1529
1407 9 9 1530
1408 1 2 1531
1408 1 5 1532
1408 9 8 1533
1409 1 3 1534
1409 3 1 1535
1410 6 5 1536
1410 6 6 1537
1410 7 6 1538
1411 4 4 1539
1411 9 2 1540
1413 6 8 1541
1414 3 9 1542
1414 5 7 1543
1417 2 2 1544
1418 5 4 1545
1419 1 8 1546
1419 2 4 1547
1423 3 5 1548
1424 3 8 1549
1425 9 1 1550
1426 4 8 1551
1428 6 2 1552
1429 3 8 1553
1430 9 6 1554
1431 7 1 1555
1432 4 5 1556
1433 5 5 1557
1433 5 7 1558
1433 5 8 1559
1433 6 3 1560
1434 4 8 1561
1434 9 8 1562
1435 6 1 1563
1435 6 4 1564
1435 7 8 1565
1436 1 9 1566
1436 4 7 1567
1436 6 6 1568
1439 6 7 1569
1442 9 4 1570
1444 2 2 1571
1444 6 5 1572
1444 7 2 1573
1445 2 9 1574
1446 5 9 1575
1448 5 7 1576
1450 1 3 1577
1452 4 6 1578
1452 4 8 1579
1453 2 2 1580
1453 8 7 1581
1453 9 9 1582
1455 5 3 1583
1456 6 1 1584
1458 8 2 1585
1459 9 8 1586
1460 8 2 1587
1460 9 4 1588
1460 9 8 1589
1461 5 7 1590
1462 4 3 1591
1463 3 8 1592
1464 7 1 1593
1466 9 1 1594
1466 9 6 1595
1469 9 7 1596
1470 2 8 1597
1470 6 6 1598
1472 4 7 1599
1472 8 9 1600
1473 1 1 1601
1474 3 4 1602
1474 5 3 1603
1474 9 9 1604
1476 3 2 1605
1476 5 2 1606
1476 5 4 1607
1476 8 6 1608
1477 9 7 1609
1478 5 7 1610
1479 2 1 1611
1481 5 8 1612
1481 6 1 1613
1482 8 2 1614
1483 3 9 1615
1484 9 3 1616
1485 2 5 1617
1485 9 4 1618
1486 3 8 1619
1486 9 2 1620
1486 9 3 1621
1488 1 4 1622
1488 3 6 1623
1488 5 1 1624
1490 3 6 1625
1491 1 1 1626
1491 9 1 1627
1493 6 9 1628
1495 7 4 1629
1495 8 3 1630
1497 4 5 1631
1497 7 9 1632
1498 8 6 1633
1499 2 6 1634
1499 3 2 1635
1499 3 6 1636
1501 2 2 1637
1503 2 5 1638
1505 9 1 1639
1506 1 4 1640
1508 1 1 1641
1508 5 9 1642
1511 8 3 1643
1512 2 8 1644
1512 3 7 1645
1512 6 8 1646
1513 8 2 1647
1513 9 8 1648
1514 6 7 1649
1516 3 1 1650
1517 1 8 1651
1518 2 9 1652
1518 8 6 1653
1519 7 3 1654
1520 2 1 1655
1520 5 5 1656
1520 6 7 1657
1520 8 8 1658
1521 9 6 1659
1522 2 3 1660
1522 6 5 1661
1523 1 9 1662
1526 4 2 1663
1527 5 8 1664
1528 6 1 1665
1529 3 1 1666
1536 4 9 1667
1536 9 2 1668
1537 1 9 1669
1537 2 7 1670
1537 9 8 1671
1538 2 7 1672
1541 6 5 1673
1542 4 1 1674
1542 9 8 1675
1543 7 6 1676
1545 5 1 1677
1547 5 8 1678
1547 8 9 1679
1547 9 1 1680
1548 7 4 1681
1549 9 5 1682
1550 3 5 1683
1551 8 7 1684
1553 1 8 1685
1553 4 7 1686
1553 5 4 1687
1556 7 4 1688
1558 3 8 1689
1560 7 8 1690
1561 2 3 1691
1562 7 5 1692
1562 8 6 1693
1564 1 3 1694
1564 9 5 1695
1565 6 2 1696
1565 9 7 1697
1566 5 9 1698
1566 8 2 1699
1568 4 7 1700
1569 4 6 1701
1570 6 1 1702
1570 7 2 1703
1572 3 1 1704
1573 3 1 1705
1573 6 7 1706
1573 7 4 1707
1574 9 6 1708
1575 3 6 1709
1576 3 5 1710
1578 7 2 1711
1578 8 8 1712
1579 2 8 1713
1580 4 8 1714
1580 7 2 1715
1582 2 7 1716
1582 8 6 1717
1583 3 7 1718
1584 6 2 1719
1587 5 3 1720
1588 4 8 1721
1589 1 1 1722
1589 4 9 1723
1590 8 6 1724
1591 2 1 1725
1593 6 3 1726
1593 7 5 1727
1593 8 6 1728
1594 4 2 1729
1594 5 9 1730
1595 9 6 1731
1596 1 8 1732
1597 2 7 1733
1598 2 8 1734
1598 6 7 1735
1600 4 3 1736
1600 7 5 1737
1600 8 4 1738
1601 9 7 1739
1604 9 4 1740
1606 8 4 1741
1607 1 8 1742
1608 9 5 1743
1609 6 9 1744
1610 6 2 1745
1611 1 3 1746
1611 9 6 1747
1613 4 5 1748
1613 8 9 1749
1614 3 7 1750
1614 5 4 1751
1616 8 1 1752
1619 3 5 1753
1619 4 4 1754
1619 8 5 1755
1622 6 9 1756
1625 3 8 1757
1625 4 1 1758
1625 8 7 1759
1629 3 3 1760
1629 9 2 1761
1631 1 7 1762
1631 2 9 1763
1631 3 7 1764
1632 2 4 1765
1632 3 7 1766
1632 3 9 1767
1633 4 4 1768
1635 5 5 1769
1635 6 5 1770
1636 3 1 1771
1642 6 4 1772
1642 9 6 1773
1643 4 9 1774
1646 5 7 1775
1647 1 3 1776
1647 6 2 1777
1647 7 5 1778
1648 1 6 1779
1648 1 9 1780
1648 6 8 1781
1649 2 8 1782
1650 4 3 1783
1651 6 4 1784
1652 6 8 1785
1653 8 7 1786
1654 1 8 1787
1654 8 3 1788
1656 2 7 1789
1657 9 4 1790
1658 2 7 1791
1659 3 1 1792
1659 7 9 1793
1659 9 7 1794
1660 5 1 1795
1660 6 6 1796
1660 8 2 1797
1661 5 3 1798
1662 2 6 1799
1664 5 1 1800
1665 3 7 1801
1666 1 1 1802
1666 3 9 1803
1667 7 1 1804
1667 8 1 1805
1669 4 3 1806
1670 2 6 1807
1671 9 9 1808
1672 2 7 1809
1672 2 9 1810
1674 1 6 1811
1675 1 4 1812
1675 1 4 1813
1675 7 7 1814
1677 4 6 1815
1677 8 2 1816
1678 2 2 1817
1678 3 6 1818
1678 3 7 1819
1678 7 5 1820
1678 7 9 1821
1680 2 3 1822
1680 9 3 1823
1682 1 2 1824
1682 1 7 1825
1682 3 4 1826
1683 8 6 1827
1686 9 6 1828
1687 2 6 1829
1688 8 1 1830
1690 4 7 1831
1691 7 3 1832
1692 3 8 1833
1693 3 1 1834
1693 4 5 1835
1694 1 7 1836
1694 2 7 1837
1694 5 5 1838
1694 9 8 1839
1695 8 9 1840
1695 9 4 1841
1697 4 3 1842
1697 8 4 1843
1698 8 5 1844
1701 1 1 1845
1702 3 6 1846
1703 9 2 1847
1706 2 4 1848
1706 9 6 1849
1707 5 1 1850
1708 8 2 1851
1709 7 6 1852
1710 8 7 1853
1710 9 4 1854
1711 3 8 1855
1711 4 8 1856
1712 5 2 1857
1713 3 1 1858
1713 4 3 1859
1713 8 1 1860
1714 4 7 1861
1714 7 5 1862
1718 1 5 1863
1720 2 5 1864
1720 6 5 1865
1720 7 7 1866
1721 3 3 1867
1721 6 8 1868
1721 6 9 1869
1722 2 9 1870
1722 5 7 1871
1725 3 6 1872
1725 5 7 1873
1726 8 7 1874
1726 9 6 1875
1727 7 1 1876
1730 3 9 1877
1731 4 2 1878
1737 4 8 1879
1738 8 7 1880
1739 3 1 1881
1739 7 1 1882
1739 7 6 1883
1739 9 4 1884
1740 2 1 1885
1740 9 6 1886
1741 1 4 1887
1741 7 6 1888
1742 2 8 1889
1742 9 4 1890
1743 5 8 1891
1743 7 3 1892
1744 6 7 1893
1744 7 2 1894
1745 8 7 1895
1745 9 7 1896
1746 8 5 1897
1747 9 8 1898
1748 7 2 1899
1749 2 8 1900
1750 5 7 1901
1750 8 7 1902
1751 1 9 1903
1753 5 2 1904
1753 8 5 1905
1754 5 8 1906
1754 8 7 1907
1755 3 7 1908
1755 9 4 1909
1756 1 7 1910
1756 3 6 1911
1757 2 2 1912
1757 4 1 1913
1757 7 9 1914
1757 8 8 1915
1757 9 4 1916
1758 8 2 1917
1759 5 5 1918
1760 1 5 1919
1760 5 4 1920
1760 8 7 1921
1761 5 3 1922
1762 7 1 1923
1763 6 1 1924
1765 1 2 1925
1765 4 6 1926
1765 4 6 1927
1765 8 6 1928
1766 1 1 1929
1766 1 9 1930
1766 8 3 1931
1767 4 3 1932
1768 5 7 1933
1768 7 6 1934
1769 2 2 1935
1770 8 6 1936
1770 9 2 1937
1772 3 1 1938
1773 1 4 1939
1773 6 9 1940
1773 8 6 1941
1774 9 7 1942
1775 1 6 1943
1775 8 3 1944
1776 4 8 1945
1780 5 9 1946
1780 6 2 1947
1781 9 3 1948
1784 5 4 1949
1786 7 4 1950
1787 1 7 1951
1788 3 2 1952
1789 8 5 1953
1790 6 7 1954
1791 5 4 1955
1792 7 6 1956
1794 5 8 1957
1795 8 9 1958
1798 4 7 1959
1798 5 5 1960
1799 2 1 1961
1799 3 3 1962
1800 6 9 1963
1802 7 3 1964
1804 3 5 1965
1806 5 7 1966
1806 8 7 1967
1807 4 4 1968
1807 6 8 1969
1807 6 8 1970
1810 6 8 1971
1811 7 3 1972
1811 9 5 1973
1815 7 7 1974
1817 7 9 1975
1818 3 2 1976
1818 7 6 1977
1818 9 2 1978
1819 6 3 1979
1819 6 4 1980
1820 9 1 1981
1821 5 7 1982
1821 6 8 1983
1821 9 1 1984
1821 9 7 1985
1821 9 9 1986
1823 2 6 1987
1823 3 3 1988
1823 5 6 1989
1824 1 3 1990
1824 2 6 1991
1824 4 8 1992
1825 9 6 1993
1827 8 3 1994
1828 9 8 1995
1829 5 2 1996
1829 5 8 1997
1830 4 3 1998
1831 7 4 1999
1835 5 9 2000
1835 9 8 2001
1836 3 1 2002
1839 6 5 2003
1839 7 1 2004
1841 8 1 2005
1842 6 1 2006
1843 2 9 2007
1844 1 4 2008
1845 1 2 2009
1845 2 3 2010
1845 5 1 2011
1846 2 8 2012
1847 7 4 2013
1847 7 5 2014
1848 4 8 2015
1852 5 8 2016
1853 4 9 2017
1853 8 7 2018
1854 2 2 2019
1854 4 6 2020
1856 7 4 2021
1860 7 1 2022
1860 9 3 2023
1861 3 5 2024
1863 1 6 2025
1863 5 4 2026
1863 6 2 2027
1864 4 8 2028
1864 5 5 2029
1866 6 5 2030
1867 3 9 2031
1867 6 9 2032
1869 5 7 2033
1869 8 2 2034
1871 1 8 2035
1871 6 1 2036
1871 6 8 2037
1872 4 6 2038
1873 5 4 2039
1873 6 1 2040
1874 8 8 2041
1875 5 2 2042
1876 3 9 2043
1877 3 8 2044
1879 7 2 2045
1879 9 8 2046
1880 1 2 2047
1880 2 4 2048
1880 4 6 2049
1881 8 6 2050
1882 5 6 2051
1884 5 6 2052
1885 2 9 2053
1885 5 6 2054
1886 1 2 2055
1889 5 1 2056
1889 6 3 2057
1892 3 1 2058
1892 5 9 2059
1892 8 7 2060
1893 3 1 2061
1894 2 4 2062
1894 2 6 2063
1895 9 2 2064
1895 9 4 2065
1896 6 8 2066
1897 6 8 2067
1898 4 3 2068
1898 5 4 2069
1898 9 1 2070
1900 1 6 2071
1902 5 6 2072
1902 6 8 2073
1902 7 6 2074
1902 9 5 2075
1903 4 4 2076
1904 6 3 2077
1904 9 8 2078
1905 3 1 2079
1906 8 7 2080
1907 3 5 2081
1907 5 1 2082
1908 1 3 2083
1909 8 7 2084
1910 7 4 2085
1911 1 5 2086
1911 3 7 2087
1911 6 8 2088
1911 9 5 2089
1912 1 6 2090
1912 3 9 2091
1913 5 1 2092
1913 7 4 2093
1913 8 2 2094
1915 9 2 2095
1920 2 3 2096
1921 4 6 2097
1921 6 3 2098
1922 2 9 2099
1922 7 7 2100
1922 8 2 2101
1923 2 4 2102
1924 3 2 2103
1925 7 9 2104
1927 2 4 2105
1928 1 8 2106
1930 9 8 2107
1931 5 4 2108
1931 7 5 2109
1933 8 1 2110
1937 8 2 2111
1938 1 7 2112
1939 2 1 2113
1940 7 7 2114
1942 6 8 2115
1944 3 2 2116
1947 5 1 2117
1948 7 8 2118
1950 5 6 2119
1951 1 5 2120
1951 5 6 2121
1951 7 1 2122
1951 8 3 2123
1954 2 4 2124
1954 4 8 2125
1954 5 8 2126
1955 5 8 2127
1957 1 6 2128
1957 5 4 2129
1958 4 6 2130
1958 4 8 2131
1958 6 6 2132
1959 4 1 2133
1959 8 8 2134
1959 9 3 2135
1960 9 7 2136
1961 8 5 2137
1961 8 8 2138
1962 6 2 2139
1962 9 6 2140
1965 1 3 2141
1965 1 4 2142
1965 3 8 2143
1966 4 2 2144
1967 2 5 2145
1967 3 3 2146
1967 9 6 2147
1968 9 4 2148
1969 2 9 2149
1969 5 3 2150
1970 9 8 2151
1971 7 6 2152
1972 8 2 2153
1973 4 9 2154
1973 9 3 2155
1974 6 4 2156
1975 8 3 2157
1976 9 3 2158
1977 3 5 2159
1978 2 4 2160
1978 5 7 2161
1979 1 6 2162
1979 3 5 2163
1980 3 9 2164
1980 8 2 2165
1981 1 5 2166
1981 3 9 2167
1981 5 3 2168
1983 1 1 2169
1984 6 6 2170
1984 6 7 2171
1984 8 8 2172
1987 3 8 2173
1988 9 6 2174
1990 5 5 2175
1990 7 8 2176
1990 9 1 2177
1991 3 8 2178
1991 3 9 2179
1991 5 1 2180
1993 6 7 2181
1993 7 6 2182
1993 7 9 2183
1993 9 9 2184
1994 2 8 2185
1995 8 1 2186
1996 3 1 2187
1996 5 1 2188
1996 9 5 2189
1996 9 8 2190
1997 1 4 2191
1998 8 4 2192
1999 1 9 2193
1999 8 9 2194
2001 1 7 2195
2001 1 9 2196
2002 3 8 2197
2002 6 8 2198
2003 9 7 2199
2008 2 4 2200
2008 5 2 2201
2008 9 7 2202
2011 7 2 2203
2012 7 4 2204
2013 2 9 2205
2014 4 2 2206
2015 3 6 2207
2016 6 3 2208
2017 4 3 2209
2017 6 4 2210
2018 4 1 2211
2019 4 7 2212
2019 9 8 2213
2020 8 4 2214
2020 9 6 2215
2022 9 9 2216
2023 2 3 2217
2023 8 8 2218
2024 1 3 2219
2024 5 2 2220
2024 5 3 2221
2024 5 7 2222
2025 4 6 2223
2025 9 1 2224
2025 9 9 2225
2026 7 7 2226
2027 1 7 2227
2027 4 3 2228
2028 8 2 2229
2029 3 8 2230
2029 8 2 2231
2030 5 9 2232
2032 4 6 2233
2032 6 9 2234
2032 9 7 2235
2034 2 7 2236
2035 6 6 2237
2035 6 7 2238
2036 4 5 2239
2037 1 9 2240
2037 5 9 2241
2038 6 2 2242
2038 9 5 2243
2039 1 8 2244
2039 4 3 2245
2039 5 7 2246
2039 9 4 2247
2042 8 1 2248
2042 8 2 2249
2043 7 4 2250
2044 3 2 2251
2046 7 3 2252
2047 3 8 2253
2047 4 6 2254
2049 6 4 2255
2052 1 7 2256
2052 4 5 2257
2056 2 5 2258
2056 2 8 2259
2056 6 7 2260
2056 7 9 2261
2057 2 6 2262
2057 3 1 2263
2058 1 3 2264
2058 6 1 2265
2059 2 1 2266
2060 6 6 2267
2061 9 5 2268
2062 5 9 2269
2064 1 9 2270
2065 1 6 2271
2065 6 8 2272
2068 2 2 2273
2068 4 1 2274
2069 5 7 2275
2070 2 7 2276
2072 7 3 2277
2073 5 1 2278
2073 8 8 2279
2074 2 8 2280
2074 6 6 2281
2074 6 7 2282
2074 9 7 2283
2076 1 2 2284
2076 4 4 2285
2078 3 8 2286
2078 6 1 2287
2080 3 9 2288
2080 4 6 2289
2082 1 7 2290
2082 9 8 2291
2084 1 9 2292
2084 2 4 2293
2088 3 4 2294
2088 6 7 2295
2088 9 2 2296
2090 7 1 2297
2091 6 3 2298
2093 6 9 2299
2094 1 3 2300
2094 7 3 2301
2097 5 3 2302
2097 5 9 2303
2098 1 2 2304
2098 1 4 2305
2098 2 4 2306
2099 2 1 2307
2099 9 6 2308
2104 2 9 2309
2104 4 9 2310
2105 7 1 2311
2106 5 4 2312
2106 7 5 2313
2107 3 1 2314
2111 1 8 2315
2112 7 9 2316
2113 5 6 2317
2113 5 8 2318
2115 5 8 2319
2115 9 1 2320
2117 6 5 2321
2118 2 5 2322
2118 8 7 2323
2121 2 2 2324
2121 3 8 2325
2124 1 9 2326
2124 5 4 2327
2125 6 2 2328
2127 5 1 2329
2131 2 8 2330
2131 8 9 2331
2131 9 4 2332
2131 9 9 2333
2132 7 8 2334
2136 2 9 2335
2136 5 2 2336
2137 4 4 2337
2138 3 6 2338
2139 7 7 2339
2140 2 7 2340
2141 3 9 2341
2141 8 4 2342
2142 2 9 2343
2142 3 2 2344
2142 5 2 2345
2145 2 3 2346
2145 7 2 2347
2145 8 2 2348
2146 6 8 2349
2146 9 7 2350
2147 1 7 2351
2147 5 5 2352
2148 4 8 2353
2150 7 4 2354
2154 4 8 2355
2156 5 8 2356
2156 9 9 2357
2157 3 1 2358
2159 3 2 2359
2159 5 4 2360
2160 2 3 2361
2160 6 3 2362
2161 3 7 2363
2161 4 9 2364
2162 6 4 2365
2163 7 4 2366
2164 4 4 2367
2164 8 8 2368
2166 8 1 2369
2167 5 7 2370
2167 5 8 2371
2170 7 4 2372
2171 6 2 2373
2174 5 7 2374
2174 6 1 2375
2175 7 5 2376
2177 8 2 2377
2180 2 5 2378
2181 3 7 2379
2181 4 2 2380
2181 7 5 2381
2182 4 5 2382
2183 3 1 2383
2183 6 5 2384
2185 1 7 2385
2185 5 1 2386
2185 6 4 2387
2186 5 8 2388
2187 4 9 2389
2188 9 1 2390
2188 9 3 2391
2190 5 9 2392
2191 6 6 2393
2192 5 9 2394
2194 5 5 2395
2194 9 4 2396
2195 1 7 2397
2195 5 6 2398
2195 5 9 2399
2195 9 1 2400
2202 2 3 2401
2203 3 9 2402
2204 1 6 2403
2204 5 2 2404
2204 5 4 2405
2204 5 9 2406
2204 8 3 2407
2205 8 1 2408
2205 9 5 2409
2207 2 2 2410
2208 4 1 2411
2209 2 2 2412
2210 2 2 2413
2210 4 4 2414
2210 5 7 2415
2211 2 9 2416
2211 4 3 2417
2211 6 6 2418
2216 9 7 2419
2217 6 6 2420
2218 1 9 2421
2219 7 4 2422
2220 3 1 2423
2220 3 9 2424
2221 2 3 2425
2221 4 8 2426
2223 3 4 2427
2224 2 8 2428
2224 3 6 2429
2225 8 3 2430
2226 9 7 2431
2227 4 1 2432
2227 8 4 2433
2228 6 4 2434
2229 1 5 2435
2229 3 8 2436
2230 8 6 2437
2231 4 4 2438
2231 7 6 2439
2233 6 1 2440
2234 9 1 2441
2236 4 4 2442
2236 8 8 2443
2237 4 1 2444
2238 1 2 2445
2238 4 1 2446
2238 4 5 2447
2242 4 2 2448
2242 4 2 2449
2243 7 9 2450
2245 6 5 2451
2245 7 1 2452
2246 3 8 2453
2246 7 3 2454
2247 7 2 2455
2248 3 4 2456
2248 5 8 2457
2250 2 2 2458
2250 2 2 2459
2250 4 6 2460
2255 4 1 2461
2256 1 6 2462
2257 1 2 2463
2258 4 4 2464
2258 9 9 2465
2259 1 2 2466
2259 4 5 2467
2260 1 3 2468
2262 3 8 2469
2262 7 9 2470
2263 5 4 2471
2266 1 5 2472
2266 6 6 2473
2267 1 3 2474
2267 6 1 2475
2268 2 4 2476
2268 8 6 2477
2268 9 2 2478
2269 5 5 2479
2269 8 9 2480
2271 8 2 2481
2273 9 4 2482
2274 3 1 2483
2275 7 4 2484
2277 5 2 2485
2278 3 7 2486
2278 8 9 2487
2281 6 8 2488
2283 7 9 2489
2287 2 4 2490
2287 3 1 2491
2287 4 1 2492
2287 8 7 2493
2288 1 6 2494
2288 3 1 2495
2288 8 2 2496
2288 8 5 2497
2289 2 1 2498
2289 2 4 2499
2289 3 7 2500
2289 9 3 2501
2289 9 8 2502
2291 4 9 2503
2291 6 8 2504
2292 4 5 2505
2292 8 6 2506
2292 9 4 2507
2293 7 5 2508
2294 4 3 2509
2294 7 5 2510
2295 3 9 2511
2295 6 6 2512
2296 5 2 2513
2297 4 5 2514
2299 9 4 2515
2300 8 2 2516
2300 8 4 2517
2300 8 5 2518
2300 9 4 2519
2303 2 5 2520
2304 5 7 2521
2305 8 8 2522
2306 9 5 2523
2308 5 3 2524
2309 1 9 2525
2309 1 9 2526
2310 8 6 2527
2311 2 6 2528
2311 5 7 2529
2311 8 4 2530
2312 2 6 2531
2312 6 7 2532
2312 8 1 2533
2312 9 8 2534
2313 8 8 2535
2315 1 2 2536
2315 2 7 2537
2315 4 1 2538
2315 9 9 2539
2316 5 4 2540
2318 3 1 2541
2322 9 4 2542
2323 1 6 2543
2323 5 8 2544
2324 1 2 2545
2327 9 6 2546
2329 6 7 2547
2331 8 6 2548
2334 1 8 2549
2334 3 9 2550
2334 4 4 2551
2335 6 7 2552
2337 6 1 2553
2338 4 1 2554
2339 1 9 2555
2339 6 5 2556
2339 9 1 2557
2340 3 4 2558
2340 5 3 2559
2340 8 5 2560
2341 9 6 2561
2343 4 3 2562
2343 8 7 2563
2344 7 8 2564
2345 7 2 2565
2345 9 1 2566
2348 3 3 2567
2349 4 1 2568
2349 5 5 2569
2351 3 1 2570
2352 7 6 2571
2353 1 7 2572
2353 6 4 2573
2354 9 2 2574
2355 6 4 2575
2356 4 1 2576
2356 4 3 2577
2356 9 2 2578
2357 1 6 2579
2357 3 2 2580
2357 4 7 2581
2358 1 1 2582
2358 1 7 2583
2359 7 5 2584
2360 3 7 2585
2360 5 2 2586
2360 8 6 2587
2361 6 9 2588
2362 1 6 2589
2362 2 9 2590
2365 2 3 2591
2365 8 2 2592
2365 9 6 2593
2366 2 2 2594
2366 7 7 2595
2367 1 6 2596
2367 9 7 2597
2368 1 5 2598
2368 3 1 2599
2368 9 5 2600
2372 4 2 2601
2372 6 7 2602
2374 2 2 2603
2375 5 5 2604
2375 6 3 2605
2377 4 4 2606
2377 7 8 2607
2377 7 9 2608
2377 8 4 2609
2378 5 9 2610
2378 7 5 2611
2379 5 8 2612
2379 9 5 2613
2380 7 7 2614
2381 1 2 2615
2381 7 2 2616
2382 6 5 2617
2383 1 7 2618
2384 3 1 2619
2385 7 9 2620
2387 9 7 2621
2389 2 4 2622
2390 1 7 2623
2392 5 1 2624
2392 6 6 2625
2394 1 9 2626
2394 7 2 2627
2394 7 6 2628
2396 3 7 2629
2397 8 7 2630
2399 6 2 2631
2399 9 6 2632
2399 9 7 2633
2400 5 8 2634
2402 3 6 2635
2402 9 9 2636
2404 9 2 2637
2405 9 3 2638
2406 6 2 2639
2408 1 3 2640
2408 2 2 2641
2409 9 9 2642
2410 3 6 2643
2412 1 2 2644
2413 9 2 2645
2414 3 2 2646
2414 5 6 2647
2414 5 9 2648
2415 4 2 2649
2415 6 2 2650
2416 2 9 2651
2416 6 5 2652
2417 8 9 2653
2418 9 9 2654
2420 2 1 2655
2421 5 6 2656
2421 6 6 2657
2421 9 3 2658
2422 2 1 2659
2423 1 9 2660
2423 3 5 2661
2423 5 2 2662
2424 8 9 2663
2425 6 5 2664
2426 1 7 2665
2426 6 3 2666
2426 6 9 2667
2428 9 9 2668
2429 8 5 2669
2430 3 9 2670
2430 9 1 2671
2430 9 2 2672
2431 5 1 2673
2433 7 6 2674
2434 1 9 2675
2434 5 3 2676
2435 2 3 2677
2436 4 8 2678
2438 4 7 2679
2438 7 5 2680
2439 3 2 2681
2439 3 4 2682
2440 4 6 2683
2440 5 8 2684
2440 7 3 2685
2440 9 6 2686
2442 6 1 2687
2443 2 2 2688
2443 2 9 2689
2443 6 1 2690
2444 8 5 2691
2444 8 9 2692
2445 6 8 2693
2447 8 2 2694
2448 8 9 2695
2449 5 1 2696
2449 6 1 2697
2450 6 6 2698
2450 9 5 2699
2451 3 9 2700
2451 8 1 2701
2453 9 4 2702
2454 5 7 2703
2454 8 4 2704
2455 3 8 2705
2455 9 2 2706
2457 4 8 2707
2457 6 4 2708
2458 4 4 2709
2458 5 6 2710
2460 8 7 2711
2461 6 8 2712
2462 2 5 2713
2464 7 5 2714
2465 5 5 2715
2466 5 9 2716
2466 8 3 2717
2469 2 3 2718
2469 7 1 2719
2472 8 5 2720
2473 2 5 2721
2473 5 7 2722
2473 7 4 2723
2473 8 5 2724
2474 3 1 2725
2475 1 6 2726
2476 2 1 2727
2476 2 4 2728
2476 3 2 2729
2476 9 1 2730
2478 7 5 2731
2480 8 7 2732
2481 9 7 2733
2487 3 8 2734
2491 1 5 2735
2492 3 3 2736
2493 4 4 2737
2494 8 4 2738
2495 4 8 2739
2496 6 6 2740
2496 9 7 2741
2497 9 4 2742
2499 6 1 2743
2500 4 7 2744
2501 5 1 2745
2501 8 5 2746
2502 1 8 2747
2502 5 2 2748
2502 6 4 2749
2503 7 8 2750
2504 3 5 2751
2505 6 6 2752
2506 7 8 2753
2506 8 8 2754
2508 3 3 2755
2510 1 2 2756
2512 8 7 2757
2514 9 2 2758
2516 4 9 2759
2516 5 6 2760
2516 9 8 2761
2517 6 3 2762
2519 1 9 2763
2519 4 1 2764
2519 4 8 2765
2521 1 8 2766
2522 5 1 2767
2523 2 3 2768
2523 6 9 2769
2524 1 9 2770
2527 4 3 2771
2527 5 6 2772
2528 5 2 2773
2529 3 1 2774
2529 8 9 2775
2530 8 5 2776
2532 7 4 2777
2533 4 3 2778
2534 1 4 2779
2534 2 2 2780
2535 2 3 2781
2535 3 9 2782
2536 2 3 2783
2538 3 6 2784
2538 6 5 2785
2540 5 9 2786
2541 7 4 2787
2542 1 4 2788
2542 6 1 2789
2542 6 6 2790
2542 7 4 2791
2543 7 5 2792
2544 5 9 2793
2544 7 2 2794
2545 1 6 2795
2545 3 7 2796
2547 2 3 2797
2547 9 4 2798
2550 1 7 2799
2550 9 2 2800
2553 4 3 2801
2553 7 3 2802
2553 9 8 2803
2554 9 3 2804
2555 3 5 2805
2556 4 3 2806
2557 8 9 2807
2557 9 2 2808
2558 7 7 2809
2560 9 1 2810
2562 2 1 2811
2562 2 7 2812
2563 1 9 2813
2563 3 1 2814
2563 4 7 2815
2563 5 6 2816
2564 8 6 2817
2565 4 6 2818
2566 1 5 2819
2566 4 7 2820
2567 3 2 2821
2568 4 4 2822
2568 7 1 2823
2568 7 9 2824
2571 1 2 2825
2572 2 8 2826
2572 4 6 2827
2572 8 4 2828
2572 8 9 2829
2573 3 9 2830
2573 4 6 2831
2573 5 6 2832
2574 5 3 2833
2576 4 4 2834
2580 7 7 2835
2581 4 6 2836
2584 7 2 2837
2588 8 7 2838
2590 1 7 2839
2590 7 5 2840
2591 4 6 2841
2591 5 6 2842
2594 2 3 2843
2594 5 5 2844
2594 8 6 2845
2595 3 3 2846
2596 4 1 2847
2596 5 1 2848
2597 2 3 2849
2597 3 9 2850
2598 7 2 2851
2602 4 6 2852
2602 8 5 2853
2603 8 1 2854
2604 3 3 2855
2607 7 2 2856
2610 3 7 2857
2611 9 3 2858
2613 6 5 2859
2614 5 4 2860
2615 4 2 2861
2615 5 1 2862
2618 3 3 2863
2618 3 7 2864
2618 4 1 2865
2618 6 7 2866
2619 1 7 2867
2619 5 5 2868
2621 3 6 2869
2621 8 8 2870
2621 9 6 2871
2622 4 2 2872
2623 4 9 2873
2623 9 7 2874
2626 3 6 2875
2626 5 2 2876
2627 2 1 2877
2627 2 9 2878
2628 7 5 2879
2629 3 2 2880
2631 7 2 2881
2632 6 5 2882
2633 2 3 2883
2633 6 3 2884
2634 8 8 2885
2635 2 4 2886
2635 9 1 2887
2636 1 8 2888
2636 2 6 2889
2638 2 3 2890
2638 2 4 2891
2640 7 9 2892
2641 8 3 2893
2641 8 8 2894
2642 3 1 2895
2642 3 5 2896
2643 6 6 2897
2644 4 6 2898
2644 9 9 2899
2645 4 5 2900
2647 3 7 2901
2647 4 8 2902
2648 1 1 2903
2648 9 8 2904
2649 4 8 2905
2649 9 5 2906
2652 5 3 2907
2653 2 4 2908
2653 6 8 2909
2653 9 7 2910
2654 1 1 2911
2655 5 6 2912
2655 8 7 2913
2657 3 6 2914
2657 3 9 2915
2657 6 3 2916
2661 7 9 2917
2662 1 4 2918
2662 3 1 2919
2662 8 8 2920
2663 3 8 2921
2664 8 7 2922
2664 9 6 2923
2665 7 4 2924
2665 8 6 2925
2666 5 9 2926
2667 8 1 2927
2668 2 3 2928
2668 7 1 2929
2669 1 7 2930
2670 2 1 2931
2671 1 6 2932
2671 7 6 2933
2672 3 5 2934
2673 1 4 2935
2674 1 8 2936
2675 2 9 2937
2677 9 6 2938
2678 6 9 2939
2681 2 3 2940
2682 4 6 2941
2684 5 6 2942
2684 7 8 2943
2684 8 1 2944
2686 4 7 2945
2687 2 5 2946
2688 9 9 2947
2689 5 4 2948
2689 9 3 2949
2692 4 2 2950
2693 3 4 2951
2693 4 6 2952
2695 6 3 2953
2695 9 9 2954
2696 2 9 2955
2696 6 2 2956
2698 2 9 2957
2701 3 2 2958
2704 5 5 2959
2704 8 4 2960
2707 5 3 2961
2707 7 3 2962
2708 2 8 2963
2711 7 5 2964
2711 8 1 2965
2711 9 5 2966
2712 3 4 2967
2712 9 1 2968
2714 6 6 2969
2715 7 3 2970
2717 8 8 2971
2717 9 3 2972
2718 7 2 2973
2719 4 3 2974
2719 6 7 2975
2720 1 2 2976
2724 7 4 2977
2725 7 9 2978
2726 4 9 2979
2726 6 2 2980
2727 3 1 2981
2727 7 7 2982
2728 8 3 2983
2729 2 5 2984
2729 9 3 2985
2730 6 6 2986
2731 1 6 2987
2731 3 4 2988
2731 7 6 2989
2731 8 9 2990
2732 6 1 2991
2733 1 9 2992
2733 5 3 2993
2733 9 4 2994
2734 2 7 2995
2734 4 9 2996
2736 7 8 2997
2738 6 3 2998
2738 8 8 2999
2740 2 6 3000
2743 3 2 3001
2743 3 7 3002
2743 5 4 3003
2743 6 3 3004
2744 3 1 3005
2744 4 7 3006
2746 5 2 3007
2748 8 9 3008
2749 3 4 3009
2749 6 7 3010
2751 4 3 3011
2751 5 9 3012
2751 8 5 3013
2752 4 5 3014
2754 1 9 3015
2754 2 1 3016
2754 3 4 3017
2755 5 4 3018
2756 4 7 3019
2756 7 6 3020
2758 3 9 3021
2759 3 9 3022
2760 2 8 3023
2760 4 7 3024
2760 6 6 3025
2760 8 2 3026
2762 5 4 3027
2763 4 8 3028
2764 3 2 3029
2765 6 2 3030
2765 9 8 3031
2766 9 1 3032
2768 4 8 3033
2768 7 6 3034
2769 6 8 3035
2769 6 9 3036
2769 9 9 3037
2770 2 9 3038
2770 5 2 3039
2770 5 6 3040
2770 6 6 3041
2773 5 5 3042
2773 7 7 3043
2774 3 1 3044
2774 8 8 3045
2777 8 6 3046
2779 3 8 3047
2779 5 2 3048
2779 6 6 3049
2780 9 2 3050
2781 1 7 3051
2781 4 8 3052
2781 6 4 3053
2783 2 6 3054
2784 5 8 3055
2785 1 5 3056
2786 6 8 3057
2788 1 6 3058
2788 2 5 3059
2789 6 4 3060
2791 9 4 3061
2792 6 9 3062
2792 8 2 3063
2793 1 3 3064
2793 2 6 3065
2793 7 6 3066
2794 3 9 3067
2795 2 3 3068
2795 5 8 3069
2796 5 1 3070
2797 8 4 3071
2798 6 7 3072
2798 7 4 3073
2798 9 6 3074
2800 3 9 3075
2801 1 1 3076
2801 6 4 3077
2801 8 2 3078
2801 8 4 3079
2803 8 4 3080
2806 1 3 3081
2806 3 1 3082
2807 2 3 3083
2810 5 7 3084
2812 1 6 3085
2812 3 1 3086
2812 3 3 3087
2815 1 6 3088
2815 3 5 3089
2816 3 8 3090
2816 8 7 3091
2816 9 2 3092
2817 9 7 3093
2819 1 2 3094
2819 1 6 3095
2819 3 8 3096
2819 5 2 3097
2820 3 5 3098
2820 4 9 3099
2820 7 3 3100
2821 1 1 3101
2821 1 8 3102
2821 3 9 3103
2821 9 2 3104
2822 7 4 3105
2823 7 1 3106
2824 3 4 3107
2825 1 3 3108
2825 4 5 3109
2825 5 8 3110
2826 8 5 3111
2826 8 9 3112
2827 4 3 3113
2829 3 3 3114
2829 8 6 3115
2832 1 4 3116
2832 5 1 3117
2832 6 9 3118
2833 5 5 3119
2835 4 3 3120
2835 8 9 3121
2836 1 6 3122
2837 1 3 3123
2837 2 8 3124
2837 9 5 3125
2838 3 7 3126
2839 4 2 3127
2839 8 5 3128
2842 3 8 3129
2842 6 8 3130
2843 1 9 3131
2844 7 9 3132
2845 1 5 3133
2846 1 3 3134
2846 5 8 3135
2848 3 9 3136
2848 5 2 3137
2849 7 3 3138
2850 2 8 3139
2850 4 6 3140
2850 6 8 3141
2850 8 3 3142
2852 1 3 3143
2852 8 7 3144
2853 6 1 3145
2854 6 6 3146
2854 9 1 3147
2857 4 8 3148
2857 9 6 3149
2858 4 3 3150
2859 4 1 3151
2860 5 5 3152
2861 2 1 3153
2861 2 4 3154
2861 4 9 3155
2861 5 1 3156
2861 5 1 3157
2862 5 4 3158
2864 1 5 3159
2865 1 5 3160
2866 3 5 3161
2866 4 1 3162
2866 9 9 3163
2868 4 3 3164
2870 3 4 3165
2870 9 8 3166
2871 6 3 3167
2871 9 1 3168
2873 8 5 3169
2874 1 1 3170
2874 7 3 3171
2876 7 5 3172
2877 3 9 3173
2877 4 8 3174
2880 6 6 3175
2881 5 1 3176
2882 2 7 3177
2884 4 8 3178
2885 2 9 3179
2885 6 1 3180
2885 9 9 3181
2886 5 8 3182
2891 1 6 3183
2892 1 8 3184
2892 6 8 3185
2893 1 7 3186
2893 9 2 3187
2894 2 4 3188
2894 3 1 3189
2895 2 8 3190
2895 7 2 3191
2897 2 4 3192
2897 9 4 3193
2899 6 4 3194
2900 5 8 3195
2904 2 9 3196
2904 3 3 3197
2905 4 4 3198
2905 8 1 3199
2906 4 4 3200
2906 4 9 3201
2907 2 5 3202
2907 4 7 3203
2910 1 9 3204
2911 7 3 3205
2911 9 6 3206
2912 1 5 3207
2914 2 3 3208
2914 5 5 3209
2915 7 2 3210
2916 2 5 3211
2916 7 5 3212
2917 3 1 3213
2917 5 1 3214
2922 3 1 3215
2922 9 9 3216
2923 9 5 3217
2924 3 3 3218
2924 3 9 3219
2924 6 8 3220
2925 2 1 3221
2925 8 4 3222
2925 9 8 3223
2926 3 3 3224
2926 6 1 3225
2928 8 6 3226
2929 3 9 3227
2929 7 7 3228
2930 1 7 3229
2930 5 8 3230
2931 4 3 3231
2932 8 4 3232
2932 9 3 3233
2935 5 6 3234
2936 1 3 3235
2936 7 9 3236
2937 1 1 3237
2937 8 6 3238
2939 5 5 3239
2939 7 7 3240
2940 6 7 3241
2940 7 5 3242
2941 9 9 3243
2944 8 5 3244
2945 4 5 3245
2947 2 1 3246
2948 1 3 3247
2949 5 3 3248
2950 7 8 3249
2951 5 8 3250
2951 6 1 3251
2951 6 5 3252
2951 6 8 3253
2952 2 6 3254
2953 8 7 3255
2955 5 2 3256
2955 6 9 3257
2958 1 5 3258
2959 5 8 3259
2960 1 4 3260
2962 8 1 3261
2964 1 2 3262
2964 4 3 3263
2964 8 8 3264
2965 2 4 3265
2965 8 8 3266
2966 8 5 3267
2967 5 7 3268
2968 1 2 3269
2968 6 5 3270
2969 2 1 3271
2969 3 9 3272
2969 6 4 3273
2969 9 6 3274
2970 4 3 3275
2972 4 1 3276
2973 1 4 3277
2974 4 5 3278
2974 8 6 3279
2976 4 7 3280
2977 7 3 3281
2978 6 6 3282
2979 5 2 3283
2979 8 9 3284
2983 2 7 3285
2983 8 1 3286
2984 5 5 3287
2985 1 6 3288
2985 2 5 3289
2986 1 4 3290
2986 6 8 3291
2987 4 4 3292
2989 6 3 3293
2989 8 5 3294
2998 7 8 3295
2999 2 8 3296
2999 3 1 3297
3000 8 4 3298
3002 1 7 3299
3002 2 7 3300
3003 5 5 3301
3003 5 7 3302
3003 8 1 3303
3004 2 8 3304
3006 7 5 3305
3006 9 1 3306
3007 4 3 3307
3007 8 3 3308
3008 1 3 3309
3008 2 9 3310
3009 6 2 3311
3010 8 3 3312
3011 9 6 3313
3012 8 7 3314
3013 1 5 3315
3014 5 5 3316
3014 5 5 3317
3018 4 2 3318
3019 8 1 3319
3021 2 4 3320
3021 8 3 3321
3022 9 4 3322
3025 9 8 3323
3026 3 5 3324
3026 4 1 3325
3026 8 7 3326
3031 1 5 3327
3031 4 2 3328
3034 1 8 3329
3034 2 7 3330
3035 4 1 3331
3035 4 3 3332
3035 8 8 3333
3036 6 2 3334
3040 1 1 3335
3040 9 8 3336
3041 9 4 3337
3042 8 4 3338
3044 2 6 3339
3044 6 6 3340
3045 5 3 3341
3047 6 3 3342
3048 3 2 3343
3048 5 1 3344
3050 2 7 3345
3051 6 1 3346
3052 7 1 3347
3053 5 9 3348
3053 6 4 3349
3053 8 2 3350
3054 1 9 3351
3054 8 2 3352
3055 8 3 3353
3055 9 4 3354
3056 6 6 3355
3057 3 4 3356
3058 2 6 3357
3058 3 3 3358
3058 3 5 3359
3058 3 9 3360
3060 5 2 3361
3060 8 2 3362
3061 2 2 3363
3062 5 6 3364
3062 8 8 3365
3066 3 8 3366
3066 6 8 3367
3066 7 3 3368
3067 1 3 3369
3067 7 8 3370
3069 4 6 3371
3069 7 4 3372
3072 8 6 3373
3073 5 8 3374
3074 1 6 3375
3075 5 3 3376
3075 5 4 3377
3076 2 5 3378
3077 9 4 3379
3079 4 5 3380
3081 1 7 3381
3081 7 1 3382
3083 1 3 3383
3085 8 1 3384
3086 3 6 3385
3086 3 7 3386
3086 5 4 3387
3086 7 6 3388
3087 5 5 3389
3088 2 4 3390
3091 1 3 3391
3091 1 6 3392
3091 3 2 3393
3091 7 2 3394
3091 8 3 3395
3092 8 6 3396
3093 6 1 3397
3094 2 2 3398
3094 6 2 3399
3096 6 4 3400
3097 9 9 3401
3100 9 1 3402
3101 1 4 3403
3101 4 5 3404
3102 7 6 3405
3102 9 7 3406
3103 2 1 3407
3103 7 6 3408
3103 8 5 3409
3103 9 2 3410
3103 9 6 3411
3104 4 6 3412
3105 2 1 3413
3105 2 9 3414
3106 1 8 3415
3108 9 5 3416
3109 3 3 3417
3109 9 6 3418
3112 6 7 3419
3112 8 3 3420
3113 9 9 3421
3114 2 1 3422
3114 4 2 3423
3114 9 6 3424
3115 1 2 3425
3115 3 4 3426
3116 4 4 3427
3117 3 6 3428
3118 6 3 3429
3119 2 2 3430
3119 9 1 3431
3122 4 9 3432
3125 5 4 3433
3125 8 8 3434
3126 3 1 3435
3126 5 1 3436
3126 5 8 3437
3127 4 2 3438
3128 6 1 3439
3128 6 7 3440
3128 6 8 3441
3128 9 8 3442
3129 6 8 3443
3130 3 6 3444
3131 2 1 3445
3131 3 8 3446
3132 5 5 3447
3134 1 9 3448
3135 1 1 3449
3136 1 8 3450
3138 1 8 3451
3139 5 2 3452
3139 8 9 3453
3140 2 5 3454
3140 7 2 3455
3142 5 7 3456
3142 6 1 3457
3143 2 7 3458
3144 7 8 3459
3144 9 8 3460
3145 9 9 3461
3146 7 9 3462
3147 8 9 3463
3148 3 5 3464
3148 7 1 3465
3149 6 3 3466
3151 2 3 3467
3151 3 3 3468
3152 5 6 3469
3152 9 8 3470
3153 1 7 3471
3154 1 7 3472
3154 2 2 3473
3155 1 9 3474
3155 6 4 3475
3158 6 3 3476
3159 5 1 3477
3161 1 1 3478
3161 1 9 3479
3161 4 3 3480
3163 8 1 3481
3164 3 8 3482
3166 1 9 3483
3166 8 4 3484
3170 3 1 3485
3174 1 8 3486
3174 4 5 3487
3174 8 2 3488
3174 9 3 3489
3175 2 7 3490
3178 4 7 3491
3181 2 5 3492
3181 5 2 3493
3181 6 9 3494
3185 6 4 3495
3185 7 6 3496
3186 9 9 3497
3189 5 1 3498
3189 9 8 3499
3190 1 4 3500
3190 1 5 3501
3190 9 7 3502
3191 2 7 3503
3191 5 5 3504
3191 8 6 3505
3192 2 7 3506
3192 8 3 3507
3193 8 7 3508
3194 5 1 3509
3196 2 3 3510
3196 7 5 3511
3197 3 5 3512
3197 7 7 3513
3198 2 5 3514
3198 3 2 3515
3198 5 7 3516
3199 4 6 3517
3199 9 6 3518
3201 6 7 3519
3203 5 6 3520
3205 5 6 3521
3205 7 1 3522
3205 7 5 3523
3205 8 1 3524
3205 8 6 3525
3208 3 4 3526
3208 4 5 3527
3208 9 9 3528
3209 3 7 3529
3210 8 9 3530
3210 9 3 3531
3211 2 1 3532
3211 8 6 3533
3211 9 1 3534
3213 2 2 3535
3213 3 6 3536
3213 4 2 3537
3214 3 2 3538
3214 4 3 3539
3214 9 6 3540
3217 3 4 3541
3217 8 1 3542
3219 2 1 3543
3220 1 2 3544
3220 1 4 3545
3220 7 2 3546
3222 1 2 3547
3222 1 6 3548
3222 2 3 3549
3224 5 4 3550
3225 8 7 3551
3228 3 9 3552
3229 9 8 3553
3231 5 7 3554
3233 3 7 3555
3234 1 2 3556
3235 4 5 3557
3236 3 7 3558
3236 6 7 3559
3236 8 3 3560
3239 1 2 3561
3240 7 7 3562
3241 2 2 3563
3243 4 1 3564
3243 5 3 3565
3245 1 1 3566
3245 4 9 3567
3246 5 1 3568
3247 4 1 3569
3247 4 3 3570
3247 7 3 3571
3248 1 1 3572
3248 2 2 3573
3248 3 2 3574
3248 9 7 3575
3249 1 8 3576
3250 1 1 3577
3251 2 3 3578
3251 6 4 3579
3252 6 7 3580
3253 8 2 3581
3257 7 7 3582
3258 1 2 3583
3261 4 6 3584
3263 7 6 3585
3263 8 9 3586
3264 8 1 3587
3265 2 5 3588
3265 9 5 3589
3266 1 2 3590
3266 9 8 3591
3267 3 1 3592
3268 4 7 3593
3268 6 6 3594
3268 8 5 3595
3269 5 6 3596
3269 9 4 3597
3269 9 5 3598
3271 1 3 3599
3271 1 3 3600
3271 6 9 3601
3273 4 9 3602
3274 1 3 3603
3274 2 2 3604
3274 3 6 3605
3274 7 2 3606
3275 2 4 3607
3275 8 3 3608
3275 8 6 3609
3277 4 1 3610
3278 6 1 3611
3278 8 1 3612
3278 9 1 3613
3279 1 2 3614
3279 5 3 3615
3280 2 3 3616
3280 7 8 3617
3281 9 5 3618
3282 7 6 3619
3282 9 7 3620
3283 9 6 3621
3284 1 1 3622
3284 3 5 3623
3285 5 6 3624
3285 9 4 3625
3287 3 9 3626
3287 4 4 3627
3287 7 3 3628
3288 8 2 3629
3289 5 2 3630
3290 4 8 3631
3291 7 7 3632
3292 8 2 3633
3292 8 5 3634
3294 5 4 3635
3296 8 3 3636
3297 5 5 3637
3297 9 4 3638
3298 6 1 3639
3299 4 7 3640
3300 2 5 3641
3301 1 7 3642
3301 6 9 3643
3301 7 4 3644
3302 1 4 3645
3303 2 1 3646
3304 6 2 3647
3304 6 9 3648
3305 3 6 3649
3305 8 1 3650
3306 1 5 3651
3308 4 2 3652
3314 3 4 3653
3314 3 8 3654
3315 1 2 3655
3316 1 3 3656
3317 5 6 3657
3318 6 6 3658
3318 7 9 3659
3319 1 5 3660
3319 3 1 3661
3319 7 7 3662
3320 5 4 3663
3320 5 5 3664
3322 3 8 3665
3322 4 2 3666
3322 8 7 3667
3323 8 4 3668
3324 2 5 3669
3324 9 8 3670
3325 9 4 3671
3326 4 4 3672
3326 6 5 3673
3327 1 2 3674
3327 1 3 3675
3327 1 5 3676
3328 4 8 3677
3328 8 2 3678
3331 2 9 3679
3331 3 2 3680
3335 1 7 3681
3335 7 8 3682
3336 9 5 3683
3337 6 6 3684
3338 2 5 3685
3339 4 4 3686
3339 6 7 3687
3340 3 7 3688
3341 3 8 3689
3341 8 8 3690
3343 6 1 3691
3346 8 7 3692
3347 1 5 3693
3349 7 9 3694
3350 2 3 3695
3350 2 5 3696
3352 6 2 3697
3354 1 6 3698
3356 2 3 3699
3358 2 8 3700
3358 6 4 3701
3358 8 1 3702
3359 5 1 3703
3360 4 2 3704
3362 2 6 3705
3364 3 2 3706
3365 3 1 3707
3366 6 1 3708
3366 9 1 3709
3367 9 5 3710
3367 9 8 3711
3371 1 9 3712
3371 2 6 3713
3372 4 9 3714
3373 6 1 3715
3374 2 4 3716
3375 2 9 3717
3376 2 2 3718
3376 3 9 3719
3376 4 1 3720
3376 8 3 3721
3377 3 1 3722
3377 6 3 3723
3377 7 2 3724
3379 3 7 3725
3380 2 5 3726
3380 5 7 3727
3380 8 8 3728
3380 9 3 3729
3381 6 3 3730
3381 9 2 3731
3382 2 8 3732
3382 3 4 3733
3382 3 8 3734
3382 9 6 3735
3383 3 8 3736
3385 2 2 3737
3386 6 3 3738
3389 1 2 3739
3389 6 7 3740
3389 7 3 3741
3390 9 5 3742
3391 3 6 3743
3391 4 2 3744
3391 5 7 3745
3392 8 4 3746
3395 2 9 3747
3395 4 4 3748
3395 5 4 3749
3396 1 5 3750
3396 3 5 3751
3396 7 1 3752
3397 3 3 3753
3398 9 1 3754
3399 6 1 3755
3399 7 4 3756
3402 4 6 3757
3402 8 2 3758
3402 8 9 3759
3404 1 5 3760
3405 1 4 3761
3405 6 1 3762
3407 3 1 3763
3407 5 1 3764
3408 6 7 3765
3409 3 9 3766
3409 4 5 3767
3411 3 5 3768
3412 8 6 3769
3414 5 9 3770
3414 7 9 3771
3415 6 4 3772
3416 1 5 3773
3416 3 9 3774
3416 4 4 3775
3417 5 1 3776
3417 5 1 3777
3417 7 1 3778
3418 7 2 3779
3420 1 8 3780
3422 7 7 3781
3426 3 2 3782
3426 3 4 3783
3426 7 2 3784
3426 8 3 3785
3428 7 4 3786
3430 4 6 3787
3432 2 8 3788
3432 4 6 3789
3432 5 5 3790
3432 7 7 3791
3434 1 4 3792
3434 8 9 3793
3434 9 2 3794
3435 8 3 3795
3437 3 9 3796
3437 5 5 3797
3439 3 8 3798
3440 4 4 3799
3440 5 3 3800
3440 9 7 3801
3441 3 7 3802
3442 8 4 3803
3443 5 9 3804
3444 3 7 3805
3445 1 6 3806
3448 8 1 3807
3450 4 9 3808
3450 8 7 3809
3451 1 9 3810
3451 2 9 3811
3451 9 2 3812
3452 2 1 3813
3453 3 1 3814
3454 2 4 3815
3454 7 4 3816
3454 8 6 3817
3455 4 3 3818
3456 2 8 3819
3456 7 8 3820
3457 2 1 3821
3457 2 3 3822
3457 3 8 3823
3459 2 7 3824
3459 5 2 3825
3459 7 5 3826
3459 8 6 3827
3460 2 7 3828
3460 2 8 3829
3460 5 2 3830
3460 5 8 3831
3461 1 3 3832
3462 5 9 3833
3462 8 2 3834
3463 7 4 3835
3466 1 4 3836
3467 1 6 3837
3467 3 2 3838
3467 3 6 3839
3467 9 4 3840
3469 1 5 3841
3469 3 1 3842
3469 4 4 3843
3469 4 4 3844
3469 8 3 3845
3470 8 5 3846
3473 7 1 3847
3474 7 4 3848
3476 1 5 3849
3480 5 8 3850
3480 9 7 3851
3482 7 5 3852
3483 3 7 3853
3483 6 1 3854
3483 6 2 3855
3483 9 8 3856
3484 2 5 3857
3484 4 5 3858
3484 9 2 3859
3485 1 6 3860
3485 7 8 3861
3486 8 9 3862
3487 9 1 3863
3487 9 2 3864
3488 2 6 3865
3488 2 9 3866
3491 4 4 3867
3491 4 9 3868
3493 2 3 3869
3496 2 3 3870
3496 9 2 3871
3497 3 9 3872
3497 6 4 3873
3498 2 7 3874
3498 6 1 3875
3498 7 3 3876
3499 1 2 3877
3500 4 5 3878
3500 9 3 3879
3501 9 5 3880
3502 6 7 3881
3502 9 8 3882
3503 1 6 3883
3503 3 3 3884
3504 2 1 3885
3504 2 7 3886
3505 1 7 3887
3506 3 1 3888
3507 3 6 3889
3507 4 5 3890
3510 2 9 3891
3511 9 8 3892
3512 5 9 3893
3512 7 6 3894
3512 7 8 3895
3513 7 6 3896
3514 7 5 3897
3514 8 9 3898
3516 1 3 3899
3516 5 2 3900
3516 7 6 3901
3517 2 6 3902
3517 3 2 3903
3517 4 5 3904
3517 4 9 3905
3518 2 4 3906
3519 5 7 3907
3522 6 2 3908
3524 8 6 3909
3524 9 3 3910
3525 5 3 3911
3526 1 1 3912
3526 2 2 3913
3527 1 3 3914
3527 8 6 3915
3527 8 7 3916
3528 6 5 3917
3528 9 5 3918
3529 1 5 3919
3532 8 7 3920
3534 4 3 3921
3534 6 9 3922
3535 4 1 3923
3538 3 8 3924
3538 5 4 3925
3538 6 7 3926
3539 1 2 3927
3540 6 5 3928
3541 2 5 3929
3541 9 7 3930
3542 2 3 3931
3542 6 8 3932
3543 5 5 3933
3544 7 4 3934
3544 8 9 3935
3544 9 4 3936
3544 9 6 3937
3545 7 3 3938
3546 8 3 3939
3548 4 2 3940
3548 5 7 3941
3551 5 9 3942
3551 9 9 3943
3552 3 2 3944
3553 6 6 3945
3553 6 6 3946
3554 4 8 3947
3554 7 6 3948
3557 1 9 3949
3560 9 9 3950
3563 9 1 3951
3564 2 1 3952
3564 5 2 3953
3567 4 7 3954
3568 1 6 3955
3569 7 3 3956
3569 8 5 3957
3570 7 2 3958
3571 3 8 3959
3571 8 2 3960
3572 7 1 3961
3573 9 2 3962
3574 2 7 3963
3574 9 8 3964
3575 3 6 3965
3576 1 2 3966
3576 4 7 3967
3578 9 3 3968
3579 2 2 3969
3579 3 4 3970
3579 8 6 3971
3581 3 9 3972
3581 8 6 3973
3582 5 1 3974
3582 8 2 3975
3583 2 4 3976
3583 3 9 3977
3583 8 6 3978
3585 1 4 3979
3585 7 5 3980
3585 9 7 3981
3586 5 6 3982
3587 7 2 3983
3588 1 3 3984
3588 9 3 3985
3589 2 8 3986
3589 6 3 3987
3590 3 7 3988
3592 6 8 3989
3592 9 1 3990
3593 1 4 3991
3593 2 6 3992
3594 4 6 3993
3595 9 5 3994
3596 3 6 3995
3597 1 6 3996
3597 8 4 3997
3599 3 8 3998
3600 1 2 3999
3600 9 7 4000
