aircraft delay1 delay2 delay3 delay4 delay5
1 0 0 0 0 0 
2 11 6 6 116 21 
4 0 0 0 0 0 
5 23 13 38 18 23 
6 0 0 0 0 0 
9 10 10 10 10 10 
10 0 0 0 0 0 
11 32 27 7 7 7 
12 0 0 0 0 0 
13 31 21 56 21 36 
14 51 26 26 26 51 
15 0 0 0 0 0 
16 0 0 0 0 0 
17 2 2 2 2 2 
18 4 4 4 4 4 
19 8 8 8 8 8 
20 0 0 0 0 0 
22 0 0 0 0 0 
23 4 4 4 4 4 
24 49 44 74 29 49 
25 0 0 0 0 0 
26 4 4 4 4 4 
27 13 8 8 8 8 
28 0 0 0 0 0 
29 3 3 3 3 3 
30 9 9 9 9 9 
31 4 4 4 4 4 
32 4 4 4 4 4 
33 0 0 0 0 0 
34 18 8 23 18 18 
35 66 66 26 66 81 
36 0 0 0 0 0 
37 17 12 12 12 12 
38 3 3 8 8 3 
39 0 0 0 0 0 
40 12 17 12 7 7 
42 6 6 1 1 6 
43 70 60 25 116 55 
45 7 7 2 2 2 
47 0 0 0 0 0 
48 4 4 4 4 4 
49 0 0 0 0 0 
50 26 31 6 21 21 
51 6 11 6 6 6 
52 4 4 4 9 4 
53 52 62 32 112 52 
54 0 0 0 0 0 
56 7 7 7 17 7 
57 63 48 98 23 63 
58 76 76 101 961 141 
59 2 2 2 2 2 
60 76 56 121 36 71 
62 90 75 120 141 130 
63 4 4 4 4 4 
64 40 40 45 20 20 
65 33 38 8 3 3 
66 16 16 6 6 6 
67 16 16 1 31 31 
68 0 0 0 0 0 
69 0 0 0 0 0 
70 76 76 31 21 76 
72 4 4 4 4 4 
73 0 0 0 0 0 
74 12 17 2 2 2 
75 22 27 92 7 7 
77 20 20 5 45 45 
79 0 0 0 0 0 
80 2 2 2 2 2 
81 4 4 4 4 4 
82 95 85 120 35 90 
83 9 14 4 4 4 
84 37 42 12 7 7 
85 116 111 31 61 96 
86 11 16 11 11 11 
87 0 0 0 0 0 
88 8 8 13 13 13 
89 15 25 0 10 15 
90 16 16 36 16 16 
91 109 89 69 29 69 
92 17 17 37 37 37 
93 21 21 6 6 6 
94 30 30 100 200 20 
95 143 118 203 959 163 
97 54 39 14 115 34 
99 34 39 119 199 34 
100 0 0 0 0 0 
101 41 51 141 201 41 
102 4 4 4 4 4 
105 36 36 66 26 16 
107 0 0 0 0 0 
108 14 14 4 4 4 
109 46 61 16 26 46 
110 0 0 0 0 0 
111 22 22 62 57 57 
113 151 136 191 61 121 
114 6 6 6 1 6 
115 170 140 225 65 135 
116 141 121 181 81 121 
117 120 125 200 995 160 
118 12 12 2 7 7 
119 7 7 2 2 2 
120 24 24 44 4 14 
121 79 69 69 135 69 
122 70 70 165 190 65 
123 26 26 6 6 6 
124 127 112 137 207 127 
125 0 0 0 0 0 
126 120 135 45 50 95 
127 18 18 3 3 3 
129 13 18 8 4 8 
130 112 117 167 167 82 
131 81 81 31 61 66 
132 13 13 8 23 38 
133 82 87 52 22 72 
134 86 91 6 16 81 
135 0 0 0 0 0 
136 2 2 7 2 2 
137 17 17 17 32 37 
138 0 0 0 0 0 
139 14 14 4 9 9 
140 14 24 19 5 9 
141 10 10 0 30 10 
142 130 135 180 65 100 
143 145 130 145 195 150 
144 38 33 23 9 18 
145 22 22 52 47 57 
146 59 37 77 42 27 
147 26 26 6 1 1 
148 88 93 23 18 83 
149 30 30 55 50 70 
150 35 35 10 10 10 
151 13 13 3 3 3 
152 93 98 208 188 93 
153 96 101 111 951 131 
154 165 130 70 65 170 
156 94 99 144 29 84 
157 135 105 165 956 130 
158 105 105 165 955 160 
159 16 11 6 6 11 
160 19 19 4 4 4 
161 107 107 167 27 82 
162 0 0 0 0 0 
163 0 0 0 0 0 
164 7 7 2 12 12 
165 161 151 16 11 161 
167 0 0 0 0 0 
168 59 39 44 5 14 
169 138 143 43 13 88 
170 128 133 158 133 278 
171 19 19 9 9 9 
173 109 114 64 29 74 
175 13 13 13 3 3 
176 123 138 48 163 73 
177 108 113 183 953 153 
178 83 61 51 26 31 
179 0 0 0 0 0 
180 91 64 59 44 39 
181 0 0 0 0 0 
182 173 158 23 48 168 
183 14 14 4 4 4 
184 2 2 2 7 2 
185 117 117 167 22 82 
186 193 143 268 999 163 
187 16 6 6 6 6 
188 2 2 2 2 2 
189 143 148 158 1103 313 
190 19 19 24 24 54 
191 29 29 24 14 9 
192 14 19 19 24 54 
193 0 0 0 0 0 
194 144 149 114 169 109 
195 4 4 4 4 4 
196 192 167 337 12 192 
197 26 26 6 11 6 
198 118 133 23 33 93 
199 7 7 7 2 2 
200 29 29 94 95 184 
201 6 6 6 26 26 
202 210 200 290 60 165 
203 15 20 0 0 0 
204 5 5 5 5 5 
205 166 141 236 1002 181 
206 13 8 8 8 3 
207 10 10 10 0 5 
208 31 26 21 16 11 
209 34 19 14 4 14 
210 11 16 1 1 1 
211 19 19 9 39 69 
212 0 0 0 0 0 
213 77 45 50 30 30 
214 0 0 0 0 0 
215 181 154 214 1179 314 
216 214 159 319 985 324 
217 26 26 21 11 6 
218 249 189 504 204 354 
219 125 130 230 990 175 
220 0 0 0 0 0 
221 7 7 7 2 2 
222 11 11 1 1 1 
223 2 2 2 2 2 
224 9 9 4 0 4 
225 220 170 340 966 360 
226 158 158 238 1188 653 
227 0 0 0 0 0 
228 194 184 219 59 144 
229 207 165 445 1195 745 
230 25 25 5 5 5 
231 12 12 2 2 7 
233 3 3 3 3 3 
234 129 139 229 979 159 
235 193 203 68 88 38 
237 25 25 0 0 0 
239 0 0 0 0 0 
240 4 4 4 4 4 
242 0 0 0 0 0 
243 3 3 3 0 3 
244 28 33 3 8 3 
245 3 3 3 3 3 
246 3 3 13 28 8 
247 148 148 168 1103 313 
248 36 36 1 7 6 
249 7 7 2 2 2 
250 57 50 55 25 20 
251 175 190 280 1170 730 
252 263 198 403 994 388 
253 205 180 125 180 310 
254 150 155 255 985 150 
255 9 9 4 4 9 
256 213 198 213 43 133 
257 32 37 47 3 7 
258 0 0 0 0 0 
260 20 25 0 5 0 
261 12 12 17 12 17 
262 37 47 2 18 7 
263 41 51 6 22 16 
264 62 55 15 30 30 
265 181 201 296 1161 731 
267 11 16 26 26 26 
269 9 9 4 4 4 
270 264 194 469 254 289 
271 232 217 517 1072 527 
272 153 153 3 3 138 
274 5 0 0 0 35 
275 288 278 323 8 248 
276 46 46 26 2 6 
277 6 6 1 1 1 
279 258 273 228 83 118 
280 255 220 635 1930 740 
281 195 163 218 1168 328 
282 270 275 245 90 130 
283 4 4 4 4 4 
284 34 34 4 5 4 
285 340 260 495 145 305 
286 270 225 315 50 165 
287 285 230 370 55 175 
288 40 33 3 3 3 
289 6 6 6 1 1 
290 167 172 322 967 362 
291 172 177 187 37 132 
292 14 9 9 9 9 
294 8 8 13 8 13 
295 220 183 278 1173 673 
296 54 49 4 5 9 
297 263 188 408 994 373 
298 12 12 12 17 17 
299 203 213 88 88 43 
300 35 35 5 6 5 
301 294 254 384 109 174 
302 305 240 425 971 425 
303 208 218 373 953 378 
304 209 224 109 84 99 
305 1 1 1 1 1 
306 52 57 42 3 2 
307 318 243 458 1034 503 
308 47 25 10 25 20 
311 15 15 5 5 5 
312 7 7 2 2 2 
314 243 233 148 88 108 
316 55 60 55 21 5 
317 9 9 4 4 9 
319 20 20 0 0 0 
320 375 270 510 1051 505 
321 318 283 398 113 193 
323 28 28 3 3 3 
324 31 41 1 7 1 
325 304 314 319 124 134 
326 15 15 10 5 10 
327 31 31 6 6 6 
328 3 6 11 6 16 
329 20 15 0 5 0 
330 16 16 6 6 6 
331 246 256 156 81 116 
332 8 8 3 8 3 
333 171 196 1 11 106 
334 4 4 4 4 4 
336 278 293 578 1343 498 
338 20 15 5 10 5 
339 180 200 55 90 40 
340 66 71 1 2 6 
341 187 202 167 7 97 
342 29 47 57 7 17 
343 269 289 254 1104 669 
344 14 19 9 4 9 
345 0 0 0 0 0 
346 26 24 49 84 74 
347 45 45 5 6 5 
348 49 54 9 10 9 
349 275 210 415 986 380 
350 34 42 62 97 82 
351 195 210 0 5 95 
352 31 31 1 2 1 
353 40 48 8 48 28 
354 35 35 20 6 5 
355 0 0 0 0 0 
356 284 299 269 104 129 
358 353 293 448 183 223 
359 0 3 3 3 3 
360 315 320 60 90 140 
361 0 0 0 0 0 
362 0 0 0 0 0 
363 8 11 6 26 6 
364 17 17 7 7 7 
365 300 315 635 2090 720 
366 6 11 1 1 1 
367 33 36 41 6 11 
368 5 5 5 10 0 
369 424 349 624 184 309 
370 10 10 0 0 0 
371 43 53 18 9 3 
372 14 14 9 4 9 
373 36 44 4 9 19 
375 12 12 12 2 17 
376 372 307 567 122 307 
377 314 244 439 975 449 
378 0 0 0 0 0 
379 323 323 403 133 203 
380 337 327 512 87 192 
381 0 0 0 0 0 
382 304 314 644 2084 714 
383 448 353 713 213 313 
384 327 247 472 1038 507 
385 229 249 119 74 89 
386 461 319 594 1159 839 
387 6 9 4 49 19 
388 345 345 455 150 245 
389 239 264 4 4 109 
391 13 13 3 3 3 
392 0 0 0 0 0 
393 314 334 654 2069 709 
394 13 46 1 46 16 
395 254 269 169 79 114 
397 0 0 0 0 0 
398 4 4 4 4 4 
399 380 290 580 1276 500 
401 0 0 0 0 0 
402 46 51 6 17 16 
403 410 330 575 120 310 
405 52 57 32 3 2 
407 50 65 40 6 0 
409 280 295 250 70 110 
410 13 13 3 3 3 
411 1 1 1 1 1 
412 287 302 257 2 117 
413 0 0 0 0 0 
415 330 345 310 1125 860 
416 458 353 668 2064 708 
417 287 302 307 127 132 
418 6 6 6 1 1 
419 291 311 601 2001 716 
420 5 5 0 5 5 
421 5 5 0 0 0 
422 8 8 3 3 3 
423 103 66 61 6 11 
424 61 71 81 57 126 
425 113 76 101 11 6 
426 5 5 5 5 5 
427 463 363 708 2069 713 
428 367 372 822 2247 937 
429 68 78 3 9 8 
430 478 398 718 178 343 
431 429 354 119 89 314 
432 6 4 4 4 4 
433 64 79 149 95 174 
434 489 364 754 2190 724 
436 10 10 30 35 35 
437 9 9 9 9 9 
438 5 5 5 5 5 
439 72 77 32 3 2 
440 13 13 3 3 3 
442 493 373 803 2239 883 
443 14 14 14 4 4 
444 18 18 3 8 8 
445 0 0 0 0 0 
446 65 75 5 6 5 
447 447 325 515 1145 725 
448 515 380 860 2241 930 
449 4 4 4 4 4 
450 14 14 4 4 4 
451 36 39 89 89 84 
452 3 3 3 3 3 
453 99 74 4 10 9 
454 37 40 10 15 10 
455 131 96 16 27 26 
456 308 318 3 58 118 
457 24 14 19 14 9 
458 379 399 344 104 89 
460 13 13 3 3 3 
461 1 1 1 1 1 
463 432 387 107 132 307 
464 379 399 874 2224 1229 
465 490 338 693 1148 853 
466 326 341 1 46 141 
467 63 73 33 4 3 
470 378 393 353 1103 868 
471 467 392 512 172 312 
472 464 419 689 174 259 
473 83 93 23 4 3 
474 4 4 4 4 4 
475 41 49 9 9 9 
476 12 12 17 17 17 
477 91 96 56 12 11 
478 54 69 4 0 4 
479 6 6 6 6 6 
480 11 11 16 11 11 
481 385 395 575 130 200 
482 44 57 12 2 2 
483 11 14 19 74 44 
485 87 117 67 13 12 
486 0 0 0 0 0 
487 40 58 13 8 8 
488 16 14 4 9 9 
489 15 10 3 3 3 
490 406 396 606 171 266 
491 11 11 1 11 11 
493 335 355 310 80 130 
494 23 21 66 76 71 
495 27 30 35 0 0 
496 32 35 75 85 75 
501 338 363 693 2178 708 
502 342 367 342 82 132 
503 154 124 9 20 24 
504 68 88 133 114 173 
505 0 0 0 0 0 
506 0 0 0 0 0 
507 374 399 349 1079 854 
508 387 392 7 37 97 
509 529 382 712 1132 862 
512 350 380 725 2175 815 
513 47 55 5 0 0 
514 354 384 334 1109 874 
516 50 58 123 563 573 
517 50 60 30 1 0 
518 7 7 2 2 2 
519 225 128 193 18 18 
520 538 453 163 143 403 
521 4 4 4 4 4 
522 428 448 13 53 183 
523 369 389 749 2184 844 
524 549 409 879 2200 1189 
525 0 0 0 0 0 
526 88 93 178 149 218 
527 59 74 49 10 9 
530 0 0 0 0 0 
532 466 446 711 586 271 
533 226 139 204 19 29 
534 364 394 849 2219 909 
536 0 0 0 0 0 
537 41 59 4 14 14 
538 4 4 4 4 4 
539 494 404 754 174 304 
540 506 466 826 556 831 
541 84 119 179 140 209 
543 3 3 3 3 3 
544 442 462 412 82 182 
546 370 400 485 55 165 
547 513 468 868 568 833 
548 504 424 129 144 389 
549 55 53 23 3 3 
550 3 3 3 3 8 
551 5 5 5 5 5 
552 429 459 19 39 194 
553 520 435 550 205 350 
554 530 440 800 175 390 
555 8 13 3 8 8 
557 145 98 168 8 3 
558 56 54 4 4 4 
559 372 392 527 77 187 
560 574 454 929 2200 1194 
562 0 0 0 0 0 
563 3 3 14 14 14 
564 11 11 3 3 3 
566 79 109 174 125 194 
567 58 56 1 6 6 
568 6 6 11 6 11 
569 422 462 872 2347 1207 
570 571 476 796 151 366 
571 627 467 977 2353 1202 
572 98 128 8 4 8 
573 18 13 10 10 10 
574 49 47 137 552 572 
575 0 0 0 0 0 
576 44 42 7 7 7 
577 0 0 8 8 3 
578 5 10 3 3 8 
579 53 51 1 1 1 
580 4 4 4 4 4 
582 376 396 356 96 121 
583 380 400 370 1060 835 
584 58 56 266 561 876 
585 4 4 4 4 4 
586 252 120 240 40 75 
587 458 468 428 103 183 
588 395 410 400 1460 835 
589 4 4 2 2 2 
590 0 0 5 5 5 
591 5 5 0 0 0 
592 399 414 564 94 179 
593 659 474 1024 2425 1199 
595 7 7 7 2 2 
596 407 427 402 102 127 
598 412 432 2 32 142 
599 444 474 4 4 189 
600 413 443 3 43 143 
601 7 7 7 7 7 
602 0 0 0 0 0 
605 648 478 988 2349 1193 
606 415 450 0 40 170 
607 5 5 5 0 0 
608 5 5 0 10 10 
609 81 111 181 127 201 
610 8 8 8 3 3 
611 121 141 71 2 1 
612 84 114 4 0 4 
613 47 50 5 5 10 
614 57 55 10 10 15 
616 52 50 0 0 5 
618 57 60 190 0 10 
619 0 0 0 0 0 
620 447 472 2 42 177 
621 4 4 4 9 9 
622 449 474 419 114 189 
623 414 449 394 1439 814 
624 419 454 604 89 174 
625 5 5 5 0 0 
626 101 131 186 152 211 
627 105 140 55 1 5 
628 3 3 3 3 3 
629 163 128 3 9 3 
630 0 0 0 0 0 
631 4 4 4 4 4 
632 0 0 0 0 0 
633 3 3 3 3 3 
634 425 455 385 85 165 
635 57 60 0 5 0 
636 628 461 851 1436 866 
637 42 40 170 5 5 
639 458 468 918 2378 1163 
640 5 5 0 0 0 
641 42 45 0 5 5 
642 60 63 8 13 18 
643 0 0 2 2 2 
645 45 48 3 38 8 
646 2 2 2 2 2 
647 91 126 56 2 1 
648 51 59 224 554 819 
649 212 130 210 20 20 
650 442 462 902 2342 1192 
651 630 490 820 115 335 
652 2 2 7 7 7 
653 4 4 1 1 1 
654 6 6 1 1 1 
655 638 498 213 123 348 
656 56 59 4 4 9 
657 2 2 2 2 2 
658 661 516 236 126 371 
659 222 135 225 20 40 
660 5 5 2 2 2 
661 6 6 6 6 6 
662 683 471 886 1451 836 
663 133 143 78 4 8 
664 53 56 6 6 11 
665 4 4 4 4 4 
666 668 488 1018 2369 1153 
667 3 3 3 8 3 
669 6 6 6 6 6 
672 12 7 7 2 7 
673 727 475 1035 1465 3175 
674 4 4 4 4 4 
675 70 63 3 3 28 
676 50 58 3 8 18 
678 85 78 38 8 43 
679 82 70 10 30 35 
680 488 493 633 43 193 
681 14 9 4 9 9 
683 0 0 0 0 0 
685 5 5 2 2 2 
686 581 481 636 126 326 
687 456 476 401 1421 836 
688 0 0 0 0 0 
689 22 22 17 17 17 
690 694 514 1019 2410 1174 
691 478 488 968 2363 1153 
692 102 112 42 3 2 
693 52 55 210 525 865 
694 110 120 50 6 5 
695 0 0 0 0 0 
696 175 135 5 11 15 
697 88 86 26 96 46 
698 0 0 0 0 0 
699 82 90 0 30 35 
700 8 8 9 8 8 
701 4 4 4 4 4 
702 7 7 2 12 12 
703 108 118 68 4 8 
704 112 132 7 23 22 
705 449 474 404 1459 829 
706 0 0 0 0 0 
707 56 59 4 4 14 
708 681 511 946 126 431 
709 612 507 157 92 312 
710 7 7 12 2 2 
711 94 92 222 12 47 
713 8 13 13 3 3 
714 91 89 34 9 44 
715 542 512 932 672 932 
716 0 0 5 0 0 
717 5 5 0 5 5 
718 749 512 1017 1437 3147 
719 481 536 416 36 196 
720 0 0 0 0 0 
722 3 3 3 3 3 
723 7 7 7 7 7 
724 707 522 957 117 442 
725 10 10 10 10 10 
726 549 514 989 669 929 
727 664 509 209 114 364 
728 459 469 4 34 174 
730 86 124 29 4 39 
731 62 60 250 705 895 
732 665 545 1045 715 1350 
733 64 67 10 10 15 
734 723 543 1003 123 443 
735 0 0 0 0 0 
736 678 508 918 118 413 
739 676 474 894 1449 854 
740 681 479 984 1454 3164 
741 70 73 13 78 18 
742 74 82 22 82 27 
743 472 487 2 27 172 
744 104 142 12 137 42 
745 715 565 1110 730 1350 
746 0 0 0 0 0 
747 331 179 379 9 49 
748 467 517 1002 2382 1202 
749 0 0 0 0 0 
750 2 2 2 2 2 
751 632 532 1032 727 1357 
752 6 6 6 11 6 
753 0 0 0 0 0 
754 476 486 986 2361 1156 
755 4 9 24 24 24 
756 707 517 987 2378 1202 
757 127 165 20 10 55 
758 733 558 238 143 443 
759 309 152 267 7 42 
760 0 0 0 0 0 
761 477 502 2 37 212 
762 127 127 2 3 2 
763 467 517 397 32 167 
764 730 533 1013 1413 3118 
766 13 13 3 8 8 
767 18 18 23 23 23 
768 82 115 15 140 35 
769 126 126 56 2 6 
770 5 5 0 0 0 
771 123 153 263 89 263 
772 93 131 4 24 56 
775 101 139 269 714 1169 
776 21 21 21 21 21 
777 120 153 3 138 43 
778 101 139 249 4 39 
779 0 0 0 0 0 
780 5 5 5 5 5 
781 107 150 265 15 50 
782 0 0 0 0 0 
783 0 0 0 0 0 
784 2 2 7 7 7 
785 261 156 21 147 51 
786 723 573 1163 733 1348 
787 347 175 350 15 55 
788 472 507 397 52 167 
789 0 0 0 0 0 
790 10 10 0 0 0 
791 115 153 328 1158 1193 
792 250 160 15 156 50 
793 123 161 346 1186 1196 
794 0 0 0 0 0 
795 120 145 5 6 5 
796 0 0 0 0 0 
797 830 635 1190 1155 3115 
798 809 589 319 119 519 
799 814 594 334 134 569 
800 499 579 654 84 209 
801 715 550 750 100 430 
802 8 8 8 8 3 
803 469 509 454 1409 3124 
805 539 624 449 24 159 
806 11 11 16 16 16 
807 0 0 0 0 0 
808 125 163 38 13 53 
809 4 4 9 9 4 
810 485 560 1050 2465 1395 
811 5 5 5 5 5 
812 136 159 24 14 39 
813 748 558 1063 113 448 
814 6 6 1 1 6 
815 506 566 1071 2466 1436 
816 10 10 5 5 5 
817 132 157 342 93 382 
818 146 164 24 144 39 
819 0 0 0 0 0 
820 160 173 38 18 58 
821 547 597 1177 2552 1562 
822 1 1 1 1 1 
823 1 1 1 1 1 
824 471 526 1 1 196 
825 1 1 1 1 1 
826 0 0 0 0 0 
827 170 183 93 18 58 
828 774 584 1129 99 459 
829 473 538 1018 2463 1193 
830 750 585 1120 2481 1515 
831 481 546 1 1 136 
832 0 0 0 0 0 
833 9 9 24 4 4 
834 0 0 0 0 0 
835 184 187 112 22 67 
836 3 3 3 3 3 
837 483 548 1053 2463 1353 
838 119 144 4 0 4 
841 0 0 0 0 0 
842 126 161 0 0 35 
843 483 548 608 3 143 
844 145 173 13 8 18 
845 142 162 2 3 2 
846 0 0 0 0 0 
847 517 607 507 1377 3072 
848 155 173 53 13 53 
849 797 602 1157 92 542 
850 536 616 536 1441 3076 
851 9 9 4 4 4 
852 3 3 3 3 3 
855 128 161 281 1 51 
856 484 554 414 19 179 
857 801 626 1106 2472 1506 
858 4 4 3 3 4 
859 0 0 0 0 0 
860 0 0 0 0 0 
861 812 632 1197 2478 1527 
862 121 151 6 7 6 
863 0 0 0 0 0 
864 132 165 315 0 50 
865 137 170 330 15 55 
866 589 669 484 24 179 
867 828 633 1233 2504 1528 
868 152 172 5 6 61 
869 0 0 0 0 0 
870 161 184 319 3139 3064 
871 846 646 351 96 556 
872 3 3 3 3 3 
874 1 1 1 1 1 
875 484 569 4 19 129 
876 146 174 364 14 59 
877 751 579 1009 1374 3084 
878 775 583 1033 1378 3088 
879 7 7 2 2 2 
880 0 0 0 0 0 
881 5 5 5 10 10 
882 807 642 987 147 572 
883 0 0 0 0 0 
885 878 673 1273 148 618 
886 122 152 7 3 2 
887 6 6 6 1 1 
888 169 187 27 102 67 
889 124 154 9 5 4 
890 881 641 1356 2627 1706 
891 368 193 53 109 98 
892 132 162 2 3 7 
893 912 677 1337 177 652 
894 1 1 1 1 1 
895 837 637 1002 142 567 
896 946 661 1211 3151 3076 
897 831 641 1331 2527 1676 
898 630 700 475 30 180 
899 338 196 421 6 46 
900 503 583 3 18 163 
901 638 708 508 43 183 
902 160 183 8 113 58 
903 799 587 1037 1372 3072 
904 180 198 403 3 48 
905 662 732 522 62 192 
906 178 196 91 6 36 
908 0 0 9 9 0 
909 513 603 398 23 138 
910 522 612 2 17 162 
911 165 188 58 8 53 
912 0 0 0 0 0 
914 523 618 418 23 138 
915 380 195 70 96 90 
916 3 3 3 3 3 
917 940 715 1365 160 640 
918 0 0 0 0 0 
920 3 3 3 13 13 
921 858 653 1008 123 623 
922 139 149 19 5 4 
923 142 162 457 123 497 
924 8 8 2 2 2 
925 345 185 5 101 60 
926 188 201 431 1 36 
927 195 208 98 3 38 
928 550 635 1110 2460 1495 
929 180 203 93 93 103 
930 562 637 2 27 152 
931 891 676 1291 171 636 
932 0 0 0 0 0 
933 0 0 0 0 0 
935 976 736 1201 3121 3046 
936 2 2 2 2 2 
938 0 0 0 0 0 
939 134 169 19 10 4 
940 133 168 3 4 8 
941 604 684 534 1644 3029 
942 368 193 63 104 98 
943 141 171 6 17 6 
944 156 191 26 12 11 
945 184 197 312 3082 3007 
946 175 193 3 3 48 
947 958 698 1338 2619 1688 
950 2 0 0 0 5 
951 928 688 1063 108 658 
952 562 637 1192 2502 1527 
953 675 750 5 35 245 
954 633 703 1308 2613 1688 
957 1 1 1 1 1 
958 180 198 103 3 48 
959 0 0 0 0 0 
960 917 725 1140 1660 3250 
961 4 4 4 4 4 
962 395 215 105 86 90 
963 562 642 467 22 147 
964 8 8 8 13 13 
965 944 742 1227 1667 3252 
966 838 648 1338 2524 1688 
967 16 12 12 6 6 
968 2 2 2 2 2 
969 4 4 4 4 4 
970 0 0 0 0 0 
971 574 649 4 49 159 
972 5 5 5 5 5 
973 391 201 76 87 91 
974 3 3 3 3 3 
975 582 657 7 52 177 
976 585 665 500 1645 3030 
977 222 235 95 0 40 
978 157 227 62 3 2 
979 141 161 6 2 1 
980 929 769 429 219 634 
982 589 669 1269 2609 1684 
983 0 0 0 0 0 
984 3 3 3 3 3 
985 3 3 3 3 3 
986 18 8 13 8 13 
988 2 2 2 2 2 
989 24 19 4 9 4 
990 391 206 101 87 96 
991 857 680 1085 1650 3025 
992 9 9 9 14 14 
993 0 0 0 0 0 
994 597 682 2 17 172 
995 132 152 2 8 2 
996 14 14 4 4 4 
997 10 10 10 5 5 
998 131 146 1 2 1 
999 191 204 4 9 59 
1000 1042 772 1167 3077 3007 
1001 681 741 611 1646 3226 
1002 205 223 353 3078 3013 
1003 1099 839 1314 3064 3009 
1004 399 229 124 100 104 
1005 615 690 1270 2595 1675 
1006 213 231 446 1 36 
1007 0 0 0 0 0 
1008 0 0 0 0 0 
1010 406 241 156 102 116 
1011 626 696 631 36 171 
1012 1090 780 1275 3080 3025 
1013 2 2 2 2 2 
1014 698 753 523 43 233 
1015 707 762 677 1657 3227 
1016 925 750 430 95 630 
1017 640 710 0 45 185 
1018 16 16 1 1 1 
1019 1062 767 1382 2603 1677 
1020 968 813 1423 223 613 
1021 644 719 544 1639 3044 
1022 18 18 3 3 3 
1023 1113 778 1313 3083 3023 
1024 712 782 1402 2602 1677 
1025 5 5 5 0 0 
1026 653 728 643 98 188 
1027 667 742 542 62 227 
1028 0 0 0 0 0 
1029 0 0 0 0 0 
1030 123 133 3 4 3 
1031 0 0 0 0 0 
1032 15 15 5 5 5 
1034 0 0 0 0 0 
1035 0 0 0 0 0 
1036 129 144 424 220 504 
1037 666 741 1321 2606 1686 
1038 671 746 656 101 231 
1039 715 775 1370 2590 1665 
1040 219 232 102 2 42 
1041 133 153 3 9 8 
1042 207 215 100 0 10 
1043 212 215 405 10 20 
1044 1116 876 1456 3056 3016 
1045 1026 866 1676 346 681 
1047 736 826 1506 2611 1686 
1048 12 17 2 2 2 
1049 17 12 2 2 2 
1051 674 749 609 1654 3239 
1052 1124 809 1549 2615 1689 
1053 9 9 9 9 9 
1055 1051 789 1629 1694 3219 
1056 215 238 418 8 33 
1058 742 817 1547 2617 1692 
1059 724 794 1454 2604 1679 
1060 163 233 48 4 8 
1061 1160 830 1590 2621 1695 
1062 1017 747 1362 2613 1677 
1063 1111 801 1506 2612 1686 
1064 212 225 410 3055 3015 
1065 4 0 0 4 4 
1066 945 795 1360 220 590 
1067 749 809 734 1679 3209 
1069 953 803 1133 223 613 
1070 211 224 419 3054 3014 
1071 0 0 0 0 0 
1073 685 745 0 20 230 
1074 689 749 1339 2604 1674 
1075 25 25 0 0 0 
1076 1 1 1 11 6 
1077 1036 896 581 326 766 
1078 987 822 1472 252 667 
1079 208 231 421 16 26 
1080 1093 836 1726 1691 3211 
1081 772 842 537 27 212 
1082 10 10 0 0 0 
1083 781 876 1606 2616 1681 
1084 9 14 14 14 14 
1085 692 757 627 1652 3222 
1086 10 10 10 0 5 
1087 1218 853 1658 2654 1718 
1088 453 263 103 24 68 
1089 2 2 2 2 2 
1091 1110 885 1410 3045 3005 
1092 985 855 475 315 670 
1093 0 0 0 0 0 
1094 0 0 0 0 0 
1095 994 859 479 344 699 
1096 704 764 689 1659 3224 
1097 0 0 0 0 0 
1098 155 215 50 1 0 
1099 1035 778 1568 1703 3228 
1100 795 870 570 25 215 
1101 793 898 18 18 208 
1102 0 0 0 0 0 
1104 6 16 16 16 16 
1105 812 872 792 2987 3192 
1106 382 250 430 5 0 
1107 170 240 5 6 5 
1109 205 223 98 3 13 
1111 0 0 0 0 0 
1112 1085 795 1450 2596 1665 
1113 1159 882 1772 2987 3192 
1114 3 3 3 3 3 
1115 823 888 1648 2628 1693 
1116 192 262 12 8 12 
1117 1042 917 1757 532 752 
1118 201 266 26 12 16 
1119 456 251 96 27 36 
1121 2 2 2 2 2 
1122 801 901 1641 2606 1671 
1123 3 3 8 8 3 
1124 166 236 1 7 6 
1125 11 16 1 1 1 
1126 0 0 0 0 0 
1127 13 13 3 3 8 
1128 221 276 11 27 11 
1129 210 233 108 23 38 
1130 15 15 20 20 20 
1131 1036 901 551 441 761 
1132 158 228 3 49 13 
1133 1069 832 1702 1682 3207 
1134 0 0 0 0 0 
1135 218 273 33 9 8 
1136 222 277 27 28 12 
1137 221 254 119 19 34 
1138 1047 902 1157 447 722 
1139 761 846 1576 2616 1691 
1140 1 1 1 1 1 
1142 161 231 576 542 641 
1143 807 897 577 32 202 
1144 15 15 0 0 0 
1145 772 862 2 2 192 
1146 1180 908 1828 2968 3168 
1147 818 933 573 23 183 
1148 13 13 3 3 13 
1149 0 0 0 0 0 
1150 23 23 38 38 38 
1151 0 0 0 0 0 
1152 203 226 426 1 11 
1154 832 907 1667 2607 1672 
1155 226 271 26 22 11 
1156 771 866 1 1 191 
1157 835 910 1715 2615 1675 
1158 462 267 97 13 47 
1159 1189 874 1614 2610 1684 
1160 12 12 2 2 7 
1161 0 0 0 0 0 
1162 0 0 0 0 0 
1163 160 230 0 1 5 
1164 0 0 0 0 0 
1165 26 26 1 1 1 
1166 197 220 0 0 5 
1167 1138 923 1493 2993 2953 
1168 1157 927 1512 3002 2962 
1169 1062 917 612 552 777 
1170 215 238 3 3 13 
1171 224 244 10 10 23 
1172 204 232 452 2 7 
1173 822 937 602 12 172 
1174 27 27 2 2 2 
1177 1077 917 1797 592 787 
1178 792 892 527 2 192 
1179 220 248 448 2988 2953 
1180 799 929 889 4 159 
1181 172 242 2 63 17 
1182 3 3 3 3 3 
1183 208 226 31 16 16 
1184 222 230 80 30 25 
1185 0 0 0 0 0 
1186 172 242 2 68 32 
1187 3 3 3 3 3 
1188 828 913 613 33 193 
1189 222 255 445 5 5 
1190 796 896 816 31 191 
1191 1159 944 699 609 839 
1193 1084 909 1854 584 779 
1194 1097 917 1282 602 797 
1195 1104 919 1919 604 804 
1197 179 259 4 0 4 
1198 194 232 2 2 2 
1199 1110 925 1935 605 800 
1200 186 266 6 7 6 
1201 0 0 0 0 0 
1202 811 946 1686 2551 1746 
1203 0 0 0 0 0 
1204 1190 970 1535 2960 2925 
1205 1135 945 685 620 835 
1207 5 5 0 0 0 
1208 802 912 2 2 187 
1209 1164 949 1514 2974 2939 
1210 202 235 455 2960 2925 
1211 0 0 0 0 0 
1212 826 961 1721 2551 1766 
1213 0 0 0 0 0 
1214 3 3 3 3 3 
1215 2 2 2 2 2 
1216 5 5 5 5 5 
1217 1180 943 1868 2908 3103 
1218 0 0 0 0 0 
1219 1153 933 1963 608 788 
1220 444 249 84 20 24 
1222 2 2 2 2 2 
1223 0 0 0 0 0 
1224 0 0 0 0 0 
1225 0 0 0 0 0 
1226 1310 960 1755 2561 1775 
1227 0 0 0 0 0 
1228 197 235 460 5 5 
1229 208 246 41 11 11 
1230 1398 968 1823 2554 1778 
1231 220 275 0 11 5 
1232 1 1 1 1 1 
1233 801 936 546 6 161 
1234 806 941 1646 2566 1716 
1235 850 960 765 3510 3075 
1236 202 235 5 5 10 
1237 1399 974 1839 2555 1854 
1238 6 6 1 1 1 
1239 0 0 0 0 0 
1240 3 3 8 3 3 
1241 8 8 18 8 8 
1242 209 237 522 22 12 
1244 203 236 81 16 6 
1245 210 240 0 0 12 
1247 0 0 0 0 0 
1248 209 237 2 7 17 
1249 0 0 0 0 0 
1250 208 241 451 1 11 
1251 236 286 6 37 41 
1252 6 6 1 11 11 
1253 250 290 40 16 5 
1254 203 241 446 2881 2846 
1255 441 251 101 12 16 
1256 866 976 1881 2551 1851 
1257 209 242 452 2907 2872 
1258 1 1 1 6 6 
1260 207 227 7 3 2 
1261 820 950 625 10 185 
1264 0 0 0 0 0 
1265 894 979 1934 2539 1879 
1266 2 2 2 2 2 
1267 1441 981 1896 2552 1851 
1268 822 952 1702 2547 1742 
1269 198 243 18 4 3 
1270 0 0 0 0 0 
1271 1232 972 622 532 772 
1272 837 962 637 7 182 
1273 208 241 91 11 11 
1274 0 0 0 0 0 
1275 0 0 0 0 0 
1277 1 1 11 11 11 
1278 239 272 47 7 12 
1279 839 959 889 4 149 
1280 5 5 0 0 0 
1281 10 10 5 5 5 
1282 0 0 0 0 0 
1283 192 225 505 0 0 
1284 1183 983 2088 543 798 
1285 230 258 3 3 8 
1286 0 0 0 0 0 
1287 195 228 93 13 8 
1288 893 973 1948 2533 1883 
1289 199 232 2 2 2 
1290 1378 968 1758 2554 1773 
1292 0 0 0 0 0 
1293 225 248 33 3 8 
1294 1380 965 1770 2551 1770 
1295 1 1 5 1 1 
1296 5 5 0 5 5 
1297 4 4 4 4 4 
1298 193 228 3 4 3 
1299 216 251 1 2 11 
1300 6 6 6 6 6 
1301 585 310 145 66 35 
1302 278 276 96 26 36 
1303 227 262 2 3 17 
1304 202 240 5 0 5 
1305 1262 997 647 547 982 
1306 892 972 1977 2532 1932 
1307 911 981 1 6 186 
1308 195 230 60 6 5 
1309 1403 973 1858 2554 1858 
1310 864 974 769 3494 3059 
1311 207 240 560 10 5 
1312 1351 1016 1781 2886 2846 
1313 1280 1010 645 570 980 
1314 910 980 0 5 185 
1316 890 975 1995 2530 1935 
1317 203 228 3 4 8 
1318 208 233 8 9 13 
1319 870 980 0 0 170 
1320 1233 988 1643 2893 2858 
1321 215 250 625 541 630 
1322 0 0 0 0 0 
1323 0 0 0 0 4 
1324 257 285 560 0 15 
1325 882 982 2 2 207 
1326 914 984 2004 2529 1989 
1327 918 1003 2053 2528 2023 
1328 928 1008 8 8 183 
1329 8 8 3 3 3 
1330 211 246 621 537 626 
1331 1236 981 1381 541 791 
1332 247 292 837 548 907 
1333 0 0 0 0 0 
1334 537 302 102 8 7 
1335 1461 981 1906 2547 1846 
1336 609 314 164 70 29 
1337 212 252 2 48 37 
1338 245 300 840 546 905 
1339 1257 1007 1717 2882 2847 
1340 235 263 488 2853 2818 
1341 0 0 0 0 0 
1342 0 0 0 0 0 
1343 2 2 2 2 2 
1344 1248 993 1388 538 828 
1345 1251 996 641 546 966 
1346 244 277 67 7 12 
1350 0 0 0 0 0 
1351 566 321 106 37 16 
1352 230 265 5 6 20 
1353 255 283 3 8 18 
1354 1541 1011 2066 2522 2021 
1355 263 281 196 31 21 
1356 6 6 8 6 6 
1357 0 0 0 0 0 
1358 252 332 12 28 7 
1359 4 4 4 4 4 
1360 256 289 4 9 29 
1361 596 326 161 62 41 
1362 1299 1034 2579 544 964 
1363 3 3 3 3 3 
1364 239 294 4 0 19 
1365 0 0 0 0 0 
1366 1343 1038 898 543 998 
1368 954 1024 889 9 174 
1369 243 293 53 9 18 
1370 895 980 735 3445 3010 
1371 1550 1015 2085 2521 2035 
1374 934 1019 2129 2519 2034 
1375 265 325 955 541 995 
1376 0 0 0 0 0 
1378 906 976 1 6 171 
1379 609 319 189 70 29 
1381 263 276 86 1 6 
1382 4 4 1 4 4 
1384 0 0 0 0 0 
1385 249 309 4 0 9 
1386 256 269 184 19 9 
1387 1382 1077 1852 2827 2782 
1388 962 1042 12 12 182 
1389 947 1022 592 2 172 
1390 0 0 0 0 0 
1391 8 8 0 3 3 
1392 13 13 15 13 13 
1393 541 324 554 59 9 
1394 959 1029 714 3384 2949 
1395 1401 1034 2029 3387 2954 
1396 989 1069 649 14 174 
1397 12 7 7 1 1 
1400 261 279 64 4 19 
1401 266 284 4 14 29 
1402 270 288 93 8 23 
1403 1537 1002 2022 2528 2022 
1405 0 0 0 0 0 
1406 1318 1038 1673 563 973 
1408 0 0 0 0 0 
1410 244 319 19 5 4 
1412 248 313 3 14 3 
1413 0 0 9 9 0 
1414 1340 1045 1730 575 1065 
1415 257 317 2 13 2 
1416 1336 1014 1984 3402 2969 
1417 1614 1049 2114 2485 2019 
1418 254 267 172 2 2 
1419 5 5 0 0 0 
1421 982 1047 777 3367 2932 
1422 997 1052 2147 2487 2032 
1424 259 276 1 1 36 
1426 0 0 0 0 0 
1427 261 279 549 4 9 
1428 235 310 5 6 5 
1429 935 1020 0 0 165 
1430 256 269 74 4 4 
1431 1001 1091 626 11 161 
1433 939 1019 4 9 169 
1434 237 307 7 3 2 
1435 621 306 216 12 6 
1437 982 1067 2177 2462 2102 
1438 3 3 3 3 3 
1439 266 279 464 2774 2739 
1440 11 11 6 6 6 
1441 267 275 465 2750 2710 
1442 5 5 0 0 0 
1443 1342 1067 2772 562 1067 
1444 4 4 4 4 4 
1446 247 307 17 18 12 
1447 281 289 4 4 4 
1448 992 1082 2 7 157 
1449 285 293 498 2763 2713 
1450 249 324 4 30 4 
1451 245 320 0 11 0 
1453 249 329 4 20 4 
1454 290 298 88 8 8 
1455 1003 1088 2228 2483 2103 
1456 0 0 0 0 0 
1457 957 1042 612 7 182 
1458 259 272 192 7 7 
1459 253 333 948 529 1003 
1460 0 0 5 0 0 
1461 991 1076 801 3346 2911 
1462 0 0 0 0 0 
1463 1642 1087 2197 2468 2107 
1464 4 4 4 4 4 
1465 1352 1072 977 562 1067 
1466 1361 1081 2801 571 1076 
1467 254 267 2 2 2 
1468 1000 1090 2240 2485 2120 
1469 1650 1090 2215 2471 2105 
1470 285 293 498 2748 2698 
1471 266 276 4 9 19 
1472 961 1041 761 3366 2931 
1473 0 0 0 0 0 
1474 1362 1092 997 772 1102 
1475 967 1052 2 2 177 
1476 1619 1059 2124 2485 2024 
1477 268 276 441 2736 2701 
1478 0 0 0 0 0 
1479 1436 1059 2149 3362 2929 
1480 270 278 218 3 8 
1481 275 283 478 2753 2708 
1482 981 1061 626 16 176 
1483 2 2 1 1 2 
1484 2 2 2 2 2 
1485 988 1063 803 3363 2928 
1486 0 0 0 0 0 
1487 284 292 77 2 7 
1488 263 313 53 14 8 
1490 0 0 4 4 0 
1491 992 1072 2157 2472 2022 
1492 1001 1091 656 6 156 
1493 265 330 10 36 15 
1494 8 8 3 3 8 
1495 283 333 18 44 33 
1496 301 341 96 22 21 
1497 285 293 8 8 8 
1498 1502 1095 2195 3308 2875 
1499 5 5 0 0 0 
1501 1510 1098 2333 3321 2888 
1502 237 312 2 8 2 
1503 545 318 558 43 3 
1504 0 0 0 0 0 
1505 0 0 0 0 0 
1506 10 10 0 0 10 
1507 291 299 219 9 9 
1508 1724 1104 2299 2485 2134 
1509 319 344 99 15 14 
1510 2 2 2 2 2 
1511 242 317 2 13 2 
1512 10 10 0 0 0 
1513 659 357 632 62 57 
1514 278 281 81 6 11 
1515 5 5 0 0 0 
1516 1739 1114 2299 2470 2119 
1517 286 294 94 4 4 
1519 294 297 232 7 12 
1520 265 273 3 3 3 
1521 1 1 0 0 1 
1522 321 381 91 7 6 
1523 268 276 86 1 1 
1524 0 0 5 5 0 
1525 1028 1113 2318 2448 2113 
1526 1762 1117 2307 2458 2117 
1527 281 294 119 9 4 
1528 1414 1114 1024 724 1469 
1529 282 285 540 0 0 
1531 0 0 0 0 0 
1532 274 277 237 27 27 
1533 0 0 0 0 0 
1534 278 291 111 11 11 
1535 273 301 561 1 6 
1536 999 1089 2254 2479 2119 
1538 0 0 0 0 0 
1540 316 381 6 32 26 
1541 1006 1096 981 11 161 
1542 252 322 2 18 12 
1543 1375 1110 945 710 1055 
1545 1381 1111 1951 741 1081 
1546 1484 1169 2099 2694 4204 
1547 274 277 2 2 2 
1548 0 0 0 0 0 
1549 1479 1134 2934 764 1509 
1550 649 382 667 32 37 
1551 1027 1122 1012 7 122 
1552 1001 1096 801 3306 2871 
1553 1489 1149 2979 764 1549 
1554 0 0 0 0 0 
1555 0 0 0 0 0 
1556 1031 1121 2316 2421 2086 
1558 1386 1111 971 731 1271 
1559 1411 1116 2821 741 1336 
1560 1694 1104 2254 2465 2119 
1561 1039 1124 1064 24 124 
1562 1 1 1 1 1 
1563 1508 1106 2241 3304 2871 
1564 1014 1109 669 9 159 
1565 1 1 1 1 1 
1566 691 401 241 27 6 
1567 6 6 1 1 1 
1569 1020 1110 0 0 150 
1570 1058 1178 603 3 103 
1572 1020 1110 2260 2455 2110 
1573 0 0 0 0 0 
1574 668 388 208 9 8 
1575 246 311 1 2 1 
1576 1426 1121 1036 731 1506 
1577 277 300 120 5 0 
1578 5 5 5 5 5 
1579 1066 1161 1116 16 116 
1581 1 1 0 0 1 
1583 257 327 32 8 2 
1584 1542 1110 2360 3293 2860 
1585 1040 1130 850 3255 2815 
1586 0 0 0 0 0 
1587 1058 1138 888 3263 2818 
1588 1065 1180 605 50 125 
1589 9 9 14 4 4 
1590 1463 1128 1033 723 1508 
1591 277 290 110 0 0 
1592 1600 1185 3090 785 1540 
1593 0 0 0 0 0 
1594 723 411 756 36 31 
1595 13 13 3 53 53 
1596 15 15 10 0 5 
1597 1514 1174 2104 2684 4199 
1599 0 0 0 0 0 
1600 2 2 1 1 2 
1602 278 306 1 16 11 
1603 283 353 68 4 3 
1605 3 3 3 3 3 
1606 291 366 6 37 26 
1607 1543 1153 2113 768 1553 
1608 3 3 2 2 3 
1609 22 12 12 2 2 
1610 1571 1166 1146 771 1556 
1611 274 297 587 7 2 
1612 1573 1173 3073 798 1558 
1613 1552 1120 2375 3273 2840 
1614 1061 1176 921 3256 2806 
1615 313 388 3 4 3 
1616 353 403 103 4 3 
1617 273 296 246 26 6 
1618 1105 1215 605 50 120 
1619 1647 1202 3152 777 1552 
1620 361 406 21 22 21 
1621 371 411 116 12 11 
1622 0 0 0 0 0 
1623 328 398 1188 774 1578 
1624 641 379 599 39 29 
1625 336 401 1206 782 1586 
1627 753 416 761 51 31 
1628 1026 1116 1 1 66 
1629 0 0 0 0 0 
1630 1816 1186 2346 2402 2081 
1631 1081 1191 2361 2391 2066 
1632 4 4 3 3 3 
1633 2 2 2 2 2 
1634 269 292 452 2637 2587 
1635 5 5 0 0 0 
1636 342 407 1237 783 1592 
1638 270 293 253 53 3 
1639 749 422 787 42 32 
1640 0 0 0 0 0 
1642 319 384 9 0 4 
1643 1830 1185 2350 2391 2070 
1644 1542 1207 2127 2652 4172 
1645 1711 1226 1276 811 1601 
1646 1047 1142 1037 12 112 
1647 1075 1185 930 3240 2785 
1648 11 11 1 1 1 
1649 1050 1145 0 0 100 
1650 271 299 624 4 4 
1651 1606 1231 2151 2616 4141 
1652 685 415 260 51 30 
1653 3 3 3 3 3 
1654 1885 1205 2380 2391 2070 
1655 268 301 576 6 6 
1657 1054 1149 4 14 114 
1659 8 8 3 8 8 
1660 276 304 129 9 9 
1661 1057 1157 2322 2407 2082 
1662 709 414 239 20 19 
1663 0 0 0 0 0 
1664 1637 1197 3087 772 1542 
1665 1605 1178 2508 3251 2808 
1666 273 301 651 1 6 
1667 1107 1222 7 12 82 
1668 346 416 1 7 1 
1669 715 415 250 226 40 
1670 279 299 7 12 7 
1671 4 4 4 4 4 
1672 288 311 11 16 16 
1673 1063 1183 2323 2398 2073 
1674 3 3 3 3 3 
1675 4 4 4 4 4 
1676 0 0 0 0 0 
1677 664 407 712 12 22 
1678 1692 1212 3277 792 1577 
1679 5 10 0 0 0 
1680 727 415 795 25 35 
1681 0 0 0 0 0 
1682 7 7 7 7 7 
1683 0 0 0 0 0 
1684 6 11 6 1 1 
1685 1640 1270 2165 2590 4125 
1686 0 0 0 0 0 
1687 1706 1221 2186 801 1591 
1688 0 0 0 0 0 
1689 1730 1230 3385 795 1570 
1690 1 1 1 1 1 
1691 272 300 125 0 5 
1692 1109 1234 2389 2364 2039 
1693 5 5 0 0 0 
1694 283 326 116 6 6 
1695 0 0 0 0 0 
1696 1064 1189 909 3229 2779 
1697 5 5 5 5 5 
1698 341 411 1 2 1 
1699 1107 1227 982 3227 2752 
1700 0 0 0 0 0 
1701 4 4 4 4 4 
1702 1643 1196 2616 3259 2786 
1703 1 1 4 4 1 
1704 265 313 718 8 18 
1705 269 317 737 17 27 
1706 1086 1206 1 1 81 
1707 3 3 3 3 3 
1708 0 0 0 0 0 
1709 356 416 1276 787 1551 
1710 11 11 11 11 11 
1711 13 3 11 6 8 
1713 1620 1240 2150 2595 4125 
1714 1123 1243 1113 3 83 
1715 16 11 14 9 11 
1716 279 304 4 4 38 
1717 0 0 0 0 0 
1718 1770 1290 1295 785 1560 
1719 1095 1210 970 3250 2775 
1720 340 420 65 1 0 
1721 1145 1265 1195 10 95 
1723 1154 1279 4 4 109 
1724 0 0 0 0 0 
1725 277 310 690 5 10 
1726 1884 1219 2394 2385 2069 
1727 1138 1258 2408 2343 2018 
1728 2 2 2 2 2 
1729 4 4 14 4 9 
1730 343 418 3 4 3 
1731 0 0 0 0 0 
1732 1647 1282 2212 2562 4102 
1733 276 319 4 14 33 
1734 1656 1286 2181 2591 4126 
1735 1096 1216 6 1 76 
1736 289 327 107 17 22 
1737 1146 1281 2431 2341 2016 
1738 1128 1248 608 33 88 
1739 4 4 4 4 4 
1740 1136 1286 631 6 141 
1741 1142 1262 647 37 107 
1742 1651 1301 2221 2561 4101 
1743 3 3 8 3 3 
1744 1095 1225 0 5 60 
1745 1099 1229 964 3229 2754 
1746 276 324 94 4 14 
1747 5 5 0 5 5 
1748 1145 1285 2470 2985 2005 
1749 0 0 0 0 0 
1750 1779 1279 1284 774 1539 
1751 1750 1275 2265 775 1550 
1752 1781 1284 2644 3192 2714 
1753 0 0 0 0 0 
1755 1154 1294 2454 2339 2014 
1756 1097 1227 2 2 77 
1757 1808 1298 3498 833 1553 
1758 0 5 0 0 0 
1759 3 3 3 3 3 
1761 358 423 3 4 3 
1762 1 1 4 4 3 
1763 752 412 207 178 7 
1764 1817 1307 1312 1012 1552 
1765 281 324 4 24 14 
1766 1831 1316 1331 1021 1561 
1767 369 429 14 15 14 
1770 1114 1229 2399 2359 2034 
1771 326 374 744 24 24 
1772 1117 1227 592 2 72 
1773 0 0 0 0 0 
1774 1155 1305 35 40 120 
1775 1778 1283 1278 768 1543 
1776 305 348 118 38 18 
1777 1117 1232 977 3207 2727 
1778 1144 1289 2489 3059 1999 
1779 314 362 552 2512 2462 
1780 844 459 209 140 39 
1781 1121 1236 1091 1 81 
1782 1685 1320 2300 2565 4105 
1783 319 377 117 22 17 
1784 1133 1253 633 38 108 
1785 1137 1257 1137 7 92 
1786 0 0 0 0 0 
1787 1799 1349 2399 2534 4084 
1788 2002 1292 2472 3054 2002 
1789 282 339 0 20 11 
1790 1183 1343 678 23 133 
1791 290 342 8 33 14 
1792 323 386 761 6 21 
1793 0 0 0 0 0 
1794 3 3 3 3 3 
1795 749 412 797 17 37 
1797 1148 1293 953 3153 2673 
1798 351 416 81 2 1 
1799 291 339 514 2519 2469 
1800 770 423 813 18 38 
1801 1828 1338 1313 993 1533 
1803 350 415 15 6 5 
1804 4 9 2 2 3 
1805 1875 1313 2608 3151 2673 
1806 330 393 118 13 33 
1807 293 336 526 2516 2466 
1809 308 343 4 29 40 
1810 801 431 196 142 16 
1811 328 391 576 2496 2446 
1812 4 4 4 4 4 
1813 9 9 9 9 9 
1815 5 5 8 8 12 
1816 1171 1331 986 3146 2666 
1818 353 413 1318 984 1523 
1819 1860 1365 1390 1025 1555 
1820 1173 1328 2513 3058 1983 
1821 21 16 1 1 1 
1822 298 346 101 11 11 
1823 397 492 32 3 2 
1824 7 7 17 17 17 
1825 20 15 8 8 9 
1826 325 393 3 53 78 
1827 0 0 0 0 0 
1828 0 0 0 0 0 
1829 306 369 529 2504 2454 
1830 1889 1327 2607 3140 2662 
1831 0 0 0 0 4 
1832 2053 1343 2523 3055 1978 
1833 1866 1376 3521 1046 1571 
1834 334 412 842 12 37 
1835 1195 1355 2560 3055 1975 
1836 13 13 6 11 7 
1837 336 384 2 17 33 
1839 0 0 0 0 0 
1840 0 0 0 0 0 
1841 1220 1385 665 25 130 
1842 337 415 110 10 20 
1843 1181 1331 661 16 136 
1844 1195 1335 2545 3065 1985 
1846 364 449 1419 1165 1579 
1847 414 509 4 5 4 
1848 322 385 0 60 30 
1849 3 3 3 3 3 
1850 777 415 890 10 25 
1851 1190 1345 1055 3130 2650 
1852 0 0 0 0 0 
1853 5 5 0 0 0 
1854 1250 1430 670 40 170 
1855 1897 1397 3547 1197 1637 
1856 1212 1382 1487 2 132 
1857 350 415 0 6 5 
1858 334 412 862 7 27 
1859 341 414 119 9 34 
1860 1944 1362 2627 3130 2652 
1861 7 7 1 2 2 
1862 1202 1372 2567 3047 1967 
1863 339 417 207 87 32 
1864 323 386 186 101 26 
1865 1154 1324 2509 3064 1999 
1868 1158 1328 1203 3 143 
1869 1163 1333 3 8 128 
1870 881 496 231 117 31 
1871 1842 1367 1347 1002 1542 
1872 386 486 1471 1242 1626 
1873 1864 1369 1369 1069 1574 
1874 4 4 4 4 4 
1875 0 0 0 0 0 
1876 0 0 0 2 0 
1877 396 491 1 2 11 
1878 0 0 24 39 20 
1879 1231 1426 1521 46 191 
1880 2 2 2 2 2 
1881 328 406 911 1 16 
1882 3 3 19 5 3 
1883 5 5 0 15 15 
1884 1266 1466 696 36 151 
1885 323 391 821 11 36 
1886 4 4 4 4 4 
1887 0 0 0 0 0 
1888 8 8 3 28 28 
1889 1827 1442 2397 2497 4042 
1890 1288 1483 718 43 183 
1891 1866 1381 3526 1061 1576 
1892 2106 1416 2566 3113 1981 
1893 1180 1330 0 15 135 
1894 15 15 29 5 3 
1895 0 0 0 0 0 
1896 17 17 7 7 7 
1897 1227 1392 2622 3102 1957 
1898 12 12 7 7 7 
1899 26 16 30 6 4 
1900 1845 1460 2415 2495 4040 
1901 1889 1389 1429 1189 1614 
1902 5 5 0 0 0 
1903 911 511 201 67 36 
1904 374 474 4 0 4 
1905 1245 1405 2635 3105 1955 
1906 1915 1400 3575 1200 1645 
1907 11 11 6 6 6 
1908 1983 1488 1538 1248 1778 
1909 1300 1495 725 35 175 
1910 7 7 7 9 7 
1911 420 505 1550 1271 1780 
1913 0 0 3 3 4 
1914 18 13 2 2 2 
1916 1323 1498 748 53 178 
1917 1275 1435 1075 3105 2615 
1919 327 405 210 60 30 
1920 1914 1409 2559 1244 1649 
1921 20 20 5 5 5 
1922 381 486 31 2 1 
1923 17 17 21 7 5 
1924 1935 1353 2593 3121 2643 
1925 1 1 1 1 1 
1926 0 0 15 20 11 
1927 5 5 20 25 21 
1928 20 20 20 20 20 
1930 946 516 231 67 31 
1931 2155 1450 2675 3112 1980 
1932 342 400 90 10 20 
1933 1931 1446 1501 1251 1646 
1934 11 11 1 11 11 
1936 25 25 30 30 30 
1937 422 512 12 33 7 
1938 325 403 928 3 13 
1939 3 3 3 3 3 
1940 1201 1371 1 1 126 
1941 27 27 32 32 32 
1942 9 14 3 3 9 
1943 327 405 555 2410 2360 
1944 2176 1466 2751 3128 1986 
1945 1287 1492 1507 52 167 
1946 402 492 2 3 12 
1947 1204 1379 1079 3124 2639 
1948 431 526 61 7 6 
1949 1955 1465 2555 1245 1645 
1950 0 0 0 0 0 
1951 8 13 2 3 1 
1952 0 0 0 0 0 
1953 1304 1479 2789 3149 1979 
1954 1209 1384 4 4 164 
1955 1958 1463 2578 1243 1678 
1956 0 0 0 0 0 
1957 1970 1475 3580 1245 1770 
1958 20 20 0 0 0 
1959 5 5 5 7 5 
1961 329 407 922 2 17 
1963 1219 1404 4 4 129 
1964 2187 1502 2652 3074 1942 
1965 0 0 0 0 0 
1966 2003 1493 1553 1288 1843 
1967 14 14 4 4 4 
1969 1222 1417 1317 17 152 
1970 1227 1422 1352 22 157 
1971 1234 1439 1369 24 159 
1972 2208 1528 2723 3105 1943 
1973 0 0 0 0 0 
1975 4 9 4 4 4 
1976 0 0 0 0 0 
1977 4 4 4 4 4 
1978 454 554 4 35 19 
1979 2098 1453 2573 3030 1933 
1980 1260 1455 680 50 165 
1981 964 562 1162 67 32 
1982 2003 1508 1553 1288 1833 
1983 1268 1463 1423 18 173 
1984 968 566 1191 76 46 
1985 18 13 2 2 18 
1987 330 408 563 2403 2353 
1989 414 504 1559 1275 1834 
1990 328 396 106 1 1 
1991 334 412 592 2407 2357 
1992 1339 1529 1534 59 174 
1993 13 13 8 23 23 
1994 2214 1534 2779 3116 1954 
1995 15 15 0 0 10 
1996 413 503 3 4 23 
1997 2015 1530 3595 1290 1840 
1998 334 382 107 2 17 
1999 0 0 0 0 0 
2000 417 512 2 3 2 
2001 13 13 3 3 8 
2002 326 389 944 4 4 
2003 1270 1470 2625 3085 1950 
2004 0 0 0 0 0 
2005 2166 1529 2589 3082 2559 
2006 2076 1494 2604 3092 2589 
2007 950 550 215 31 10 
2008 0 0 0 0 0 
2009 4 4 4 4 4 
2010 333 401 96 1 1 
2011 859 512 942 7 17 
2012 1913 1558 2413 2423 3963 
2013 0 0 5 0 0 
2014 1354 1549 2829 3104 2009 
2015 1370 1565 1640 40 180 
2016 2027 1542 3592 1277 1867 
2017 1370 1575 15 55 120 
2018 3 3 0 0 0 
2020 11 11 15 6 4 
2021 1 1 1 1 1 
2022 2 2 2 2 2 
2023 467 592 22 3 2 
2024 0 0 0 0 0 
2025 339 392 582 2347 2297 
2026 2021 1546 2741 1276 1861 
2027 1296 1496 1066 3081 2571 
2028 1384 1569 1669 29 179 
2030 1303 1503 2678 3083 1938 
2031 454 554 4 0 4 
2032 1307 1512 2 27 152 
2033 2035 1555 1590 1265 1860 
2034 1354 1569 1134 3064 2534 
2035 1932 1572 2447 2377 3912 
2036 2132 1515 2590 3088 2570 
2037 1318 1518 1513 43 183 
2038 13 3 7 0 0 
2039 2046 1561 2816 1276 1861 
2040 2140 1523 2598 3096 2573 
2042 427 522 7 38 2 
2043 460 570 10 6 5 
2044 2181 1561 3566 1296 1891 
2045 0 0 0 0 0 
2046 0 0 0 0 0 
2047 0 0 0 0 0 
2048 323 381 1 1 1 
2049 10 0 4 0 0 
2050 0 0 0 0 0 
2051 430 525 1630 1271 1855 
2052 433 528 1653 1284 1878 
2053 943 558 208 19 3 
2054 437 532 1667 1288 1882 
2055 0 0 0 0 0 
2056 885 533 1063 43 33 
2057 2213 1528 2800 3115 2013 
2058 345 388 998 3 8 
2059 445 535 5 1 0 
2060 0 0 0 0 0 
2061 354 397 1047 12 17 
2062 329 387 2 2 2 
2063 334 392 562 2347 2297 
2064 477 602 7 8 2 
2065 1395 1585 705 30 150 
2066 1343 1533 1558 28 163 
2067 1347 1537 1577 32 167 
2068 356 404 109 9 19 
2069 2116 1571 2836 1286 1896 
2070 1001 609 1264 24 19 
2071 342 385 590 2320 2270 
2072 445 540 1680 1286 1900 
2073 1347 1542 1592 32 172 
2074 0 0 0 0 0 
2075 8 8 13 8 3 
2077 2258 1548 2815 3105 2008 
2078 11 11 1 1 6 
2079 372 410 1090 10 25 
2080 1 1 0 0 1 
2081 3 3 3 3 3 
2082 932 540 1125 45 30 
2083 349 392 97 7 2 
2084 3 3 2 2 3 
2085 0 0 0 0 0 
2086 356 399 184 29 19 
2087 2217 1587 1767 1312 1942 
2088 1348 1553 1618 33 168 
2089 9 9 9 4 4 
2090 370 403 598 2313 2263 
2091 489 584 9 10 9 
2092 951 559 1144 44 29 
2093 2 2 2 2 2 
2094 1370 1565 1135 3060 2500 
2095 487 622 12 63 12 
2096 328 381 96 1 1 
2097 0 0 0 0 0 
2098 2281 1576 2843 3098 2011 
2099 976 601 191 17 16 
2101 1366 1561 1161 3061 2496 
2102 335 388 3 3 8 
2103 1 1 1 1 1 
2104 9 9 4 4 4 
2105 341 389 4 4 29 
2106 2050 1630 2485 2340 3860 
2107 0 0 0 0 0 
2108 2188 1568 2863 1293 1888 
2109 1390 1580 2790 3035 2160 
2110 2259 1572 2557 3065 2492 
2111 1381 1576 1201 3066 2491 
2112 2 7 2 2 2 
2113 344 387 977 2 2 
2115 1372 1567 1642 27 182 
2116 0 0 0 0 0 
2117 952 555 1195 50 25 
2118 0 0 0 0 0 
2119 457 567 1692 1278 1872 
2120 371 409 214 14 59 
2121 461 576 1711 1282 1876 
2122 17 12 2 7 7 
2123 2310 1600 2802 3042 2485 
2124 369 407 2 17 22 
2125 1409 1614 1664 4 129 
2126 2205 1590 3570 1285 1885 
2127 2209 1594 3579 1304 1934 
2128 370 408 598 2278 2228 
2129 2222 1607 2857 1322 1962 
2130 2 2 7 7 7 
2131 1435 1620 1700 20 140 
2133 11 16 1 1 1 
2135 513 648 33 4 3 
2136 4 4 15 4 4 
2137 1402 1602 2812 3047 2477 
2139 1367 1557 1117 3037 2497 
2140 7 7 2 7 7 
2141 372 410 90 5 15 
2142 5 5 0 0 0 
2143 2253 1648 3558 1293 1928 
2144 9 14 4 4 4 
2145 371 414 194 19 29 
2147 7 7 2 22 22 
2148 1472 1657 777 57 167 
2149 1019 649 234 30 74 
2150 483 593 13 4 3 
2151 14 14 14 4 4 
2152 0 0 0 0 0 
2153 1406 1606 1196 3041 2476 
2154 1450 1635 10 10 140 
2155 559 649 49 10 9 
2156 1370 1565 700 0 75 
2157 2371 1621 2838 3048 2481 
2158 566 661 111 12 11 
2159 0 0 0 0 0 
2160 375 413 3 3 13 
2161 2221 1611 1771 1311 1946 
2162 378 421 616 2266 2226 
2163 3 3 3 3 3 
2164 501 616 11 12 11 
2165 1423 1623 1218 3048 2478 
2166 381 424 224 24 74 
2167 510 620 20 21 20 
2168 481 591 6 2 6 
2171 1375 1575 0 5 165 
2173 2311 1666 3556 1341 1916 
2174 11 11 1 56 56 
2176 0 0 0 0 0 
2177 1129 662 1347 32 67 
2178 2327 1672 3562 1387 1932 
2179 530 645 25 21 20 
2180 983 606 1191 21 16 
2181 1386 1576 1 1 166 
2182 2 2 7 7 7 
2183 7 7 3 3 2 
2185 2090 1650 2515 2325 3840 
2186 2427 1640 2540 3043 2475 
2187 416 419 1179 4 39 
2188 993 616 1241 26 36 
2189 13 13 48 18 3 
2190 18 18 3 3 8 
2191 0 0 0 0 0 
2192 1450 1645 730 30 145 
2193 1078 668 238 229 68 
2194 6 6 1 1 1 
2195 28 33 3 3 3 
2196 1081 671 276 232 71 
2197 2331 1691 3561 1381 1931 
2198 1397 1602 1667 2 137 
2199 16 16 1 1 10 
2200 370 418 3 3 13 
2201 484 614 4 15 9 
2202 16 16 6 6 10 
2203 22 27 2 2 2 
2204 4 4 4 4 4 
2205 1060 665 235 21 45 
2206 0 0 0 0 0 
2207 526 651 1756 1332 1911 
2208 2351 1606 2828 3053 2481 
2209 407 445 95 25 40 
2210 1407 1607 712 2 67 
2211 6 6 1 1 1 
2212 10 10 10 5 5 
2213 10 10 0 0 0 
2214 1453 1663 748 13 133 
2215 14 14 4 29 29 
2217 385 423 93 3 8 
2219 398 441 76 6 6 
2220 483 623 3 64 43 
2221 488 628 48 4 3 
2222 2280 1660 1745 1280 1915 
2223 19 14 29 29 29 
2224 1169 692 1417 17 47 
2227 22 27 2 2 2 
2228 447 470 105 20 45 
2229 1475 1680 1320 3025 2455 
2230 2349 1704 3554 1359 1914 
2231 1484 1684 1354 3029 2459 
2232 497 637 7 8 7 
2233 22 27 27 27 27 
2234 1417 1627 2 2 62 
2235 12 12 2 2 2 
2236 384 417 6 6 21 
2238 1424 1634 4 4 129 
2239 1512 1697 2837 3042 2467 
2240 1150 705 335 306 65 
2241 505 650 10 11 10 
2242 1436 1636 1241 3046 2476 
2243 11 11 16 1 1 
2244 2209 1719 2704 2284 3789 
2245 460 468 133 33 48 
2246 2305 1685 1745 1320 1910 
2247 1531 1716 726 16 101 
2248 2470 1698 2583 3021 2458 
2249 1501 1706 1386 3036 2461 
2250 0 0 0 0 0 
2251 0 0 0 0 0 
2252 2483 1703 2795 3025 2453 
2253 2371 1711 3546 1346 1901 
2254 22 37 32 32 32 
2255 1440 1640 705 15 130 
2256 12 17 2 2 2 
2257 1536 1706 2881 3041 2466 
2258 382 415 275 280 60 
2259 2143 1713 2568 2278 3798 
2260 1448 1648 3 3 133 
2261 4 4 4 4 4 
2262 391 434 629 2234 2194 
2263 435 508 1283 28 58 
2264 414 477 112 12 42 
2265 2445 1653 2543 3036 2468 
2266 394 437 1212 12 2 
2268 0 0 0 0 0 
2269 515 650 0 6 0 
2270 1168 708 323 284 58 
2271 437 500 655 2205 2175 
2272 1449 1654 1684 4 134 
2274 21 26 1 1 1 
2275 2345 1700 1760 1335 1910 
2276 407 439 1 42 11 
2277 2477 1717 2829 3019 2447 
2278 1091 664 1294 24 74 
2280 2195 1715 2665 2275 3785 
2282 1455 1670 0 0 135 
2283 4 4 4 4 4 
2284 0 0 0 0 0 
2286 2425 1740 3545 1620 1910 
2287 2465 1678 2538 3021 2453 
2288 576 696 31 7 6 
2289 19 24 24 24 14 
2290 0 0 3 0 0 
2291 0 0 0 0 0 
2292 1193 728 448 344 58 
2293 419 472 2 32 37 
2294 444 512 2 2 62 
2295 1481 1686 1 1 126 
2296 589 724 4 0 34 
2297 0 0 0 0 0 
2298 2466 1696 2793 3033 2456 
2299 1496 1701 1 1 131 
2300 438 501 116 21 51 
2301 2480 1725 2827 3002 2430 
2302 550 660 70 6 0 
2303 555 665 5 11 5 
2304 1 1 6 6 6 
2305 6 6 1 1 1 
2306 415 478 3 23 48 
2307 419 482 1262 32 52 
2308 0 0 0 0 0 
2309 1179 719 329 285 59 
2310 1554 1754 9 9 89 
2311 0 0 0 0 0 
2312 2383 1723 2728 1558 1893 
2313 1535 1740 2875 3015 2435 
2314 450 538 1313 8 68 
2315 2277 1772 2792 2237 3767 
2316 3 3 3 3 3 
2317 559 674 1739 1610 1884 
2318 2391 1726 3531 1616 1901 
2319 2409 1734 3539 1619 1909 
2320 1289 767 1432 17 97 
2321 1487 1707 2807 3022 2447 
2322 440 503 303 298 53 
2323 0 0 0 0 0 
2325 2477 1762 3522 1662 1897 
2326 1238 768 498 344 78 
2327 2440 1745 2730 1680 1910 
2328 1489 1709 1374 3019 2444 
2329 1142 700 1340 20 70 
2330 2248 1753 2768 2243 3763 
2331 0 0 0 0 0 
2332 1549 1789 804 24 74 
2334 0 0 0 0 0 
2335 1187 747 452 333 52 
2336 586 701 1 7 6 
2338 588 718 1733 1734 1873 
2340 456 519 7 7 69 
2341 595 720 15 11 5 
2342 1547 1752 742 7 82 
2343 1211 766 501 352 51 
2344 6 6 1 1 6 
2345 585 705 0 6 5 
2346 453 541 121 11 51 
2347 2 2 2 2 2 
2348 1553 1753 1393 3003 2423 
2349 1503 1723 1723 3 98 
2350 5 5 0 0 0 
2351 4 4 4 4 4 
2353 1540 1775 1745 20 65 
2354 0 0 0 0 0 
2355 1539 1779 1764 19 69 
2356 2453 1758 3518 1658 1888 
2358 425 513 1343 13 58 
2359 3 3 3 3 8 
2360 2470 1760 2715 1660 1890 
2361 458 546 151 11 61 
2362 2482 1732 2864 3014 2437 
2363 2582 1807 1732 1737 1902 
2364 1567 1797 7 17 77 
2365 1527 1737 727 12 97 
2366 0 0 0 0 0 
2369 2391 1769 2494 2987 2409 
2370 2482 1762 1732 1667 1897 
2371 2492 1767 3537 1722 1902 
2372 0 0 0 0 0 
2373 1528 1748 1373 3008 2428 
2374 2505 1780 1735 1735 1905 
2375 2424 1752 2527 3015 2437 
2376 1566 1801 2846 2986 2401 
2377 1541 1781 1401 2981 2401 
2378 443 531 351 326 66 
2379 2597 1827 1732 1792 3447 
2380 0 0 0 0 0 
2381 1570 1800 2860 2985 2400 
2382 1586 1811 2911 2991 2406 
2383 419 507 1387 12 42 
2384 1541 1751 2881 3011 2431 
2385 3 3 3 3 3 
2386 1194 732 1397 7 57 
2387 1549 1754 729 4 84 
2388 2518 1793 3528 1733 1903 
2389 1591 1826 6 6 76 
2390 1346 759 1499 4 34 
2391 639 764 34 5 9 
2392 602 737 12 8 2 
2394 605 740 25 11 5 
2396 1606 1831 811 11 76 
2397 13 13 8 8 8 
2398 607 742 1727 1733 1867 
2399 612 747 27 13 12 
2400 1374 767 1512 7 42 
2401 426 514 134 14 39 
2402 618 753 8 4 3 
2403 418 506 616 2086 2081 
2404 613 753 3 14 33 
2405 2570 1810 2690 1730 3455 
2406 623 763 33 9 8 
2407 2397 1817 2889 2984 2402 
2408 2377 1825 2470 2963 2410 
2409 3 3 3 3 3 
2411 0 0 0 0 0 
2415 2594 1819 1739 1794 3454 
2416 1212 752 512 308 47 
2417 408 496 111 6 21 
2419 9 9 4 4 4 
2421 1199 774 519 275 19 
2422 0 0 0 0 0 
2423 412 500 1395 15 20 
2424 621 746 31 12 1 
2425 422 510 135 20 30 
2426 1602 1827 1812 27 72 
2427 414 507 2 7 57 
2428 2245 1840 2775 2165 3700 
2429 632 752 1712 1773 1832 
2430 2381 1826 2908 2978 2401 
2431 19 19 4 4 4 
2432 1 1 1 1 1 
2433 1596 1826 806 6 61 
2434 1546 1786 781 6 71 
2435 403 491 331 256 16 
2436 2654 1844 3484 1784 3419 
2437 5 5 5 5 5 
2439 0 0 0 0 0 
2440 2385 1803 2488 2981 2403 
2441 1395 778 1553 13 23 
2444 1 1 1 1 1 
2445 0 0 0 0 0 
2446 5 5 5 5 5 
2447 1610 1840 2915 2960 2385 
2448 16 16 11 11 11 
2449 21 21 21 21 26 
2450 29 29 4 4 4 
2451 1574 1804 2879 2989 2404 
2452 4 4 8 4 4 
2453 2657 1847 3477 1777 3412 
2454 2363 1838 2895 2950 2373 
2455 11 11 11 7 7 
2456 419 522 7 12 37 
2457 2606 1836 3486 1781 3426 
2460 18 18 23 23 28 
2461 18 18 3 3 3 
2462 421 514 599 2039 2039 
2463 4 4 4 4 4 
2466 7 7 7 7 7 
2467 1639 1844 2934 2949 2374 
2468 432 520 110 20 25 
2469 2676 1861 3481 1766 3401 
2470 20 20 5 10 5 
2471 2601 1831 2651 1776 3416 
2472 436 524 344 419 44 
2474 450 538 123 23 48 
2475 2371 1824 2469 2982 2404 
2476 410 498 3 8 33 
2477 0 0 0 0 0 
2478 644 769 4 5 29 
2480 4 4 4 4 4 
2481 1612 1842 1412 2972 2377 
2482 1652 1932 827 2 47 
2483 438 541 1441 6 31 
2484 0 0 0 0 0 
2485 625 755 0 1 0 
2486 2720 1925 1705 1780 3425 
2487 5 5 0 0 0 
2488 1598 1828 1758 18 63 
2489 14 14 4 4 4 
2490 411 499 4 14 24 
2491 435 533 1448 3 38 
2492 0 0 0 0 1 
2493 6 6 1 1 1 
2494 434 537 647 2022 2032 
2495 439 542 1467 7 52 
2496 1635 1860 1415 2960 2370 
2497 1645 1865 2955 2970 2380 
2498 414 502 1437 7 7 
2499 419 507 7 17 37 
2500 2734 1944 1709 1784 3434 
2501 648 773 28 9 3 
2502 5 5 0 0 5 
2503 1647 1907 7 7 67 
2504 1593 1823 1783 18 68 
2505 1651 1916 2961 2956 2371 
2506 21 21 21 21 21 
2507 1683 1938 868 13 58 
2508 1638 1888 2923 2933 2358 
2509 450 553 98 8 38 
2510 1642 1897 2952 2957 2367 
2511 656 781 16 12 11 
2513 631 766 1 2 11 
2514 1676 1926 2986 2961 2376 
2515 1691 1941 886 16 61 
2516 1668 1868 1428 2953 2378 
2517 1683 1873 878 28 88 
2518 1698 1878 3033 2988 2403 
2519 1700 1950 920 25 70 
2520 420 528 313 273 13 
2521 2695 1865 1700 1775 3410 
2523 8 8 13 3 3 
2524 639 769 19 0 4 
2525 1263 768 488 384 18 
2526 1268 773 518 389 23 
2527 23 23 28 28 28 
2528 422 535 610 2025 2030 
2529 2703 1893 1703 1773 3413 
2530 1702 1912 982 57 102 
2531 431 539 634 2029 2034 
2532 1592 1842 2 2 72 
2533 2320 1923 2388 2991 2406 
2534 7 7 2 2 2 
2536 4 4 4 4 4 
2537 433 542 2 8 26 
2538 0 0 0 0 0 
2540 2708 1903 2618 1778 3418 
2541 449 552 1537 2 42 
2542 1703 1953 943 8 63 
2543 444 547 637 1992 2002 
2544 2731 1931 3481 1781 3431 
2545 5 5 5 5 5 
2546 2 2 2 2 2 
2547 1610 1840 0 0 60 
2548 22 22 37 37 37 
2549 2434 1969 2809 2054 3614 
2550 642 762 22 3 2 
2552 1609 1849 4 4 64 
2553 2316 1854 2404 2927 2349 
2554 0 0 0 0 0 
2555 1303 793 533 479 78 
2556 1620 1855 2905 2935 2350 
2557 1445 783 1638 33 38 
2558 452 550 5 5 55 
2559 647 782 32 3 2 
2560 1713 1943 3033 2988 2398 
2561 3 3 3 3 3 
2562 456 554 94 4 24 
2563 25 25 5 0 5 
2564 0 0 0 0 0 
2565 4 4 4 4 4 
2566 1474 802 1647 37 37 
2568 0 0 0 0 0 
2570 461 559 1564 9 24 
2571 2 2 2 2 2 
2572 0 0 0 0 2 
2573 1626 1881 791 1 51 
2574 673 803 3 29 13 
2575 1634 1884 814 4 54 
2576 0 0 0 0 0 
2577 473 566 106 16 26 
2578 691 821 11 37 36 
2579 455 553 663 1968 2003 
2580 0 0 0 0 0 
2581 9 9 4 4 4 
2583 5 5 0 0 2 
2584 1697 1957 2992 2952 2362 
2585 2758 1993 1653 1738 3388 
2586 642 767 2 3 7 
2587 18 18 18 18 18 
2588 1643 1898 3 3 53 
2589 470 558 678 1968 2003 
2590 1286 781 516 442 41 
2591 448 551 101 1 41 
2592 1733 1953 1483 2953 2388 
2593 0 0 0 0 0 
2596 470 563 698 1968 2008 
2597 4 4 4 4 4 
2598 474 567 357 452 92 
2599 474 572 1567 2 12 
2600 7 7 7 7 7 
2601 0 0 4 0 0 
2602 1657 1937 2 17 62 
2605 2312 1942 2964 2949 2367 
2607 0 0 0 0 0 
2608 26 21 6 11 6 
2609 1731 1976 1011 21 61 
2610 644 769 29 5 4 
2611 1748 1973 3013 2968 2383 
2612 2760 1960 3435 1745 3395 
2613 1 1 1 1 1 
2615 2 2 7 7 7 
2616 11 11 26 4 10 
2617 1672 1942 2987 2952 2367 
2618 5 5 0 0 0 
2619 483 576 1611 6 31 
2620 43 28 3 8 13 
2621 14 14 4 4 4 
2622 444 547 2 2 52 
2623 8 3 6 6 6 
2624 1402 770 1610 10 30 
2626 1353 828 618 819 98 
2627 12 8 18 3 3 
2628 13 13 3 13 13 
2629 2832 1982 1632 1712 3357 
2630 0 0 0 0 0 
2631 1680 1945 1405 2945 2360 
2632 0 0 0 20 20 
2633 32 32 12 17 7 
2634 2754 1989 3424 1729 3384 
2635 669 804 1634 1680 1739 
2637 713 833 13 4 3 
2638 717 842 47 8 7 
2639 1688 1948 1428 2943 2358 
2640 494 587 112 7 32 
2643 681 811 1636 1677 1736 
2644 1 1 1 1 1 
2645 714 854 9 30 24 
2646 1 1 1 1 1 
2647 643 773 1643 1689 1748 
2648 648 778 8 4 3 
2649 0 0 0 0 0 
2650 1694 1944 1464 2944 2359 
2651 1332 822 592 773 87 
2652 1698 1948 2983 2948 2363 
2653 0 0 0 0 0 
2655 478 576 1586 11 36 
2656 651 776 1641 1687 1746 
2658 721 856 51 7 6 
2659 486 579 1604 14 39 
2660 1359 859 659 800 84 
2661 0 0 0 0 0 
2662 654 779 4 0 19 
2663 0 0 0 0 0 
2664 1704 1964 3009 2959 2369 
2665 11 7 2 2 2 
2666 2276 1971 3018 2963 2373 
2667 1713 1973 3 18 48 
2669 1739 1979 2984 2934 2349 
2670 691 821 111 2 6 
2671 1564 862 1682 77 52 
2672 742 867 12 83 37 
2673 1438 781 1626 6 16 
2674 0 0 0 0 0 
2675 1358 883 693 879 233 
2676 663 788 8 4 3 
2677 488 581 101 11 36 
2678 1757 2012 1842 2 12 
2679 10 10 8 8 8 
2680 1738 1993 2973 2923 2338 
2681 0 0 0 0 0 
2682 508 586 6 6 41 
2683 13 13 11 11 11 
2684 2849 1984 3404 1714 3364 
2685 2209 2009 2981 2926 2341 
2686 0 0 0 0 0 
2687 2256 1979 2314 2952 2367 
2689 1360 850 640 811 95 
2690 2260 1983 2318 2956 2371 
2691 1734 1979 3019 2944 2364 
2692 5 5 0 0 0 
2693 1734 1984 1814 24 34 
2694 1756 1981 1526 2936 2371 
2695 11 11 1 1 1 
2696 1480 808 1653 43 53 
2697 2259 1997 2317 2955 2370 
2699 0 0 0 0 0 
2700 695 815 110 1 0 
2701 2231 2004 2279 2982 2382 
2702 1782 2037 997 7 7 
2703 2890 1990 1640 1705 3365 
2704 1784 2009 1009 49 49 
2705 2888 2033 3368 1673 3333 
2706 742 882 7 63 22 
2707 1771 2031 1846 6 6 
2708 1737 1992 1007 7 42 
2710 694 824 1639 1680 1739 
2711 24 24 9 14 4 
2712 1738 1993 1818 18 43 
2713 496 584 444 879 234 
2714 1767 2027 2977 2922 2327 
2716 691 821 96 2 6 
2717 2215 2015 3027 2947 2372 
2718 499 582 112 2 12 
2719 6 1 1 1 1 
2720 1806 2021 3031 2946 2371 
2721 505 588 478 893 243 
2722 2886 2016 1631 1691 3351 
2723 1 1 1 1 1 
2724 1820 2025 3040 2970 2375 
2725 498 566 1656 11 31 
2726 497 570 615 1865 1905 
2727 507 590 1610 0 15 
2728 512 595 0 5 30 
2729 3 3 3 3 3 
2730 1603 871 1681 56 51 
2731 1778 2028 2993 2918 2333 
2732 34 34 4 4 4 
2733 0 0 0 0 0 
2734 2936 2031 3346 1656 3311 
2735 501 569 449 864 194 
2738 1819 2039 1024 34 34 
2739 1793 2033 1828 3 3 
2741 3 3 3 3 3 
2742 1803 2028 998 8 8 
2743 2219 1987 2272 2920 2335 
2744 0 0 0 0 0 
2745 1528 846 1646 16 16 
2746 1817 2042 3022 2947 2352 
2747 2641 2026 2721 1911 3491 
2748 705 850 5 16 25 
2749 1747 1997 982 2 7 
2750 0 0 0 0 0 
2751 0 0 0 0 0 
2753 2 2 2 2 2 
2756 0 0 0 0 0 
2757 17 17 2 2 2 
2758 743 893 3 24 28 
2759 1787 2027 2 2 2 
2760 711 851 1596 1637 1696 
2761 3 3 3 3 3 
2762 2200 2010 2977 2927 2332 
2763 1373 903 668 844 173 
2764 2 2 2 2 2 
2765 1804 2029 1884 9 9 
2766 2692 2032 2732 1902 3487 
2767 1557 855 1655 60 15 
2768 495 563 78 3 23 
2769 1761 2016 1 1 1 
2770 1388 903 678 854 188 
2771 537 610 115 10 10 
2772 725 870 1590 1631 1690 
2773 734 879 4 75 29 
2774 528 596 1646 6 6 
2775 5 5 0 0 0 
2776 1798 2028 3003 2923 2328 
2777 0 0 0 0 0 
2778 541 614 129 9 9 
2779 0 0 0 0 0 
2781 498 576 86 11 16 
2782 741 896 166 12 6 
2783 507 580 115 15 25 
2784 743 898 1558 1599 1658 
2785 1771 2026 2986 2916 2326 
2786 737 882 137 3 2 
2787 0 0 0 0 0 
2788 0 0 0 0 0 
2789 2201 2039 2234 2937 2337 
2791 4 4 9 4 4 
2792 1808 2023 2988 2913 2313 
2793 738 883 148 9 3 
2794 20 13 25 15 10 
2795 532 600 650 1815 1860 
2796 3013 2033 1558 1623 3268 
2797 516 584 129 14 24 
2798 1808 2038 1013 3 3 
2799 8 8 8 8 8 
2800 747 902 2 18 32 
2801 541 624 189 9 14 
2802 2131 2031 2998 2908 2308 
2803 4 4 4 4 4 
2804 773 903 48 9 8 
2805 0 0 0 0 0 
2806 543 626 216 16 16 
2807 0 0 0 0 0 
2808 780 915 10 21 35 
2810 1769 922 1667 32 42 
2811 521 594 1634 4 14 
2812 526 602 9 9 54 
2813 1409 929 679 820 159 
2814 544 627 1672 7 17 
2815 0 5 0 0 0 
2816 734 874 1564 1605 1664 
2817 3 3 3 3 3 
2818 3 8 8 8 8 
2819 541 619 479 814 169 
2820 7 12 2 2 2 
2821 1 1 1 1 1 
2823 6 9 6 6 6 
2824 5 5 2 2 2 
2825 2 2 2 2 2 
2826 2722 2037 2747 1897 3482 
2827 6 11 6 6 6 
2828 1806 2031 991 6 6 
2829 5 5 0 0 0 
2830 743 893 148 4 3 
2831 10 15 10 10 10 
2832 734 879 1559 1600 1659 
2833 738 893 33 4 13 
2836 7 12 7 7 7 
2837 20 18 0 0 0 
2838 0 0 0 0 0 
2839 5 8 0 0 0 
2840 1816 2036 2991 2886 2286 
2841 2 7 2 2 2 
2842 746 896 1556 1597 1656 
2843 529 612 147 7 12 
2845 0 0 0 0 0 
2847 2 12 2 2 2 
2848 1638 896 1671 36 31 
2849 536 614 174 9 19 
2850 744 899 169 0 4 
2851 16 14 1 1 6 
2852 6 11 6 6 6 
2853 1821 2041 3001 2891 2291 
2854 2114 2052 2132 2855 2300 
2856 12 10 2 2 2 
2857 3053 2053 1508 1583 3218 
2858 791 936 21 2 6 
2859 1796 2026 2991 2901 2301 
2860 3055 2055 2340 1610 3250 
2861 0 3 0 0 0 
2862 1639 902 1677 32 32 
2864 3070 2050 1510 1585 3215 
2865 2 5 2 2 2 
2866 1806 2031 1 1 1 
2867 16 14 1 1 1 
2869 780 925 1510 1551 1610 
2871 0 0 0 0 0 
2872 3 11 8 18 8 
2873 1835 2040 30 30 20 
2874 3 3 3 3 3 
2875 790 935 1515 1551 1610 
2876 746 906 1 22 46 
2877 536 619 1674 4 19 
2878 1426 931 661 807 166 
2879 1818 2033 2983 2863 2268 
2880 4 4 4 4 4 
2881 13 16 3 3 3 
2882 1807 2037 2992 2897 2297 
2883 540 623 213 3 3 
2884 2124 2044 3001 2901 2301 
2886 543 626 1 26 21 
2887 1799 927 1612 12 7 
2888 2747 2072 2662 1802 3397 
2889 547 630 615 1765 1810 
2890 550 633 233 18 13 
2891 555 648 3 38 23 
2892 0 0 0 0 5 
2893 2085 2040 2992 2867 2272 
2895 550 643 1673 13 13 
2896 5 5 5 0 0 
2898 11 9 16 16 6 
2900 1848 2043 3008 2903 2273 
2901 3111 2061 1511 1566 3206 
2902 1866 2051 2031 41 46 
2904 0 0 0 0 0 
2905 1879 2059 2069 64 59 
2906 4 4 9 9 9 
2907 750 910 5 1 0 
2908 545 638 3 48 13 
2909 1826 2046 1906 1 1 
2910 5 5 5 5 0 
2912 757 917 1507 1548 1607 
2913 0 0 0 0 0 
2914 784 929 1504 1540 1599 
2915 794 934 184 20 9 
2916 2110 2055 3007 2892 2292 
2917 1 1 1 1 1 
2918 0 0 0 0 0 
2919 555 653 1663 3 18 
2921 3160 2080 3220 1570 3200 
2922 0 0 0 0 0 
2923 0 0 0 0 0 
2924 1 1 1 1 1 
2925 4 4 4 4 4 
2926 781 931 191 2 1 
2927 2060 2048 2073 2856 2261 
2928 540 628 243 3 3 
2929 3 4 10 3 3 
2930 6 9 1 1 1 
2931 543 631 1676 16 6 
2932 556 644 619 1709 1774 
2933 5 5 0 5 5 
2934 5 5 5 5 0 
2935 6 6 1 1 1 
2936 2799 2104 2679 1784 3384 
2937 1453 933 628 764 163 
2938 0 0 0 0 0 
2939 1821 2041 1 1 1 
2940 552 645 255 0 0 
2941 13 11 28 28 28 
2942 783 923 1503 1539 1598 
2943 0 0 0 0 0 
2944 2058 2071 2066 2859 2264 
2945 14 12 4 4 4 
2946 551 644 469 754 164 
2948 3100 2065 2285 1570 3210 
2949 793 948 8 4 3 
2950 13 11 3 3 3 
2951 559 642 2 27 2 
2952 17 15 32 32 32 
2953 2087 2047 2999 2869 2274 
2955 1462 942 617 753 167 
2956 1828 2048 1438 2873 2278 
2957 1470 950 650 926 475 
2958 0 0 0 0 0 
2960 1864 2079 924 9 4 
2961 795 945 45 6 10 
2962 2032 2089 2964 2854 2254 
2963 2781 2096 2651 1776 3366 
2964 1875 2090 2970 2855 2255 
2965 2036 2077 2044 2842 2252 
2966 0 0 0 0 0 
2967 555 638 3 13 3 
2968 1772 960 1580 60 45 
2970 2034 2091 2986 2861 2261 
2972 810 965 5 6 5 
2973 4 4 6 6 6 
2974 575 658 183 18 3 
2975 1825 2055 0 0 0 
2976 0 0 0 0 0 
2977 3 3 18 8 3 
2978 16 11 6 6 11 
2979 1917 2117 7 32 22 
2980 1833 2058 1458 2858 2258 
2981 565 658 1623 3 3 
2983 2028 2100 2975 2855 2255 
2984 559 642 507 892 457 
2985 808 968 18 4 3 
2987 556 649 649 1669 1759 
2988 576 664 4 4 4 
2989 6 6 1 11 11 
2990 2 2 2 2 2 
2991 2056 2057 2064 2857 2262 
2992 1479 974 649 880 454 
2993 799 929 34 0 4 
2994 1927 2147 927 22 7 
2995 567 642 2 2 2 
2996 1929 2134 4 29 19 
2997 6 6 1 1 1 
2998 2049 2071 2966 2861 2266 
3000 558 641 631 1686 1756 
3001 0 0 0 5 5 
3002 3190 2135 1475 1515 3145 
3003 3156 2111 2251 1536 3166 
3004 2049 2076 2971 2871 2266 
3005 593 701 1616 16 11 
3006 3 4 0 3 3 
3007 796 936 1 12 1 
3008 0 0 0 0 0 
3009 603 701 6 21 21 
3010 1865 2075 0 0 5 
3011 588 706 236 11 6 
3012 796 936 161 2 6 
3013 1927 2132 2972 2847 2242 
3014 1921 2131 2961 2841 2231 
3015 1493 988 648 864 473 
3016 554 637 1637 7 2 
3017 603 711 6 21 21 
3018 3179 2124 2259 1529 3159 
3019 6 7 3 1 1 
3020 0 0 0 0 0 
3021 803 958 193 9 3 
3022 817 962 207 13 7 
3023 2844 2139 2649 1744 3354 
3024 7 8 4 2 2 
3026 1928 2138 1503 2843 2238 
3027 3177 2137 2272 1527 3162 
3028 1935 2150 2075 30 15 
3029 14 14 4 14 14 
3030 1864 2079 1519 2844 2254 
3031 0 0 0 0 0 
3032 1738 1011 1556 76 56 
3033 1940 2150 2090 30 15 
3034 0 0 0 0 0 
3035 1865 2080 2000 5 5 
3036 1870 2085 0 10 0 
3038 1468 978 603 869 428 
3039 792 947 2 3 7 
3040 797 952 1462 1493 1552 
3044 603 711 1596 16 16 
3046 0 0 0 0 0 
3047 3204 2184 3154 1504 3139 
3048 793 948 3 44 3 
3050 842 1012 12 23 12 
3051 4 4 4 4 4 
3052 1942 2172 2137 27 22 
3053 1888 2108 918 18 3 
3054 580 678 653 1658 1748 
3055 3185 2130 3160 1520 3150 
3056 592 705 530 845 445 
3057 1893 2108 2043 8 3 
3058 594 707 687 1627 1717 
3059 580 683 523 858 438 
3060 1900 2115 930 15 5 
3061 1964 2189 994 9 4 
3062 1907 2117 2 17 7 
3063 1931 2161 1491 2826 2216 
3064 594 712 237 7 7 
3065 585 688 683 1653 1743 
3066 0 0 0 0 0 
3067 817 982 187 3 2 
3068 588 691 186 1 1 
3069 3194 2154 3159 1519 3149 
3070 1778 956 1576 46 6 
3071 1936 2161 961 36 11 
3072 1911 2121 1 16 6 
3073 0 0 0 0 0 
3074 0 0 0 0 0 
3075 816 981 211 2 1 
3077 1918 2128 938 18 8 
3078 1947 2167 1507 2827 2212 
3079 1957 2177 987 37 17 
3080 1960 2185 1005 40 25 
3081 596 709 244 4 4 
3082 606 729 1574 4 4 
3083 591 714 204 24 9 
3084 3204 2189 1454 1509 3144 
3085 600 713 708 1613 1708 
3086 615 748 1583 13 23 
3088 607 720 755 1620 1715 
3089 2 2 2 2 2 
3090 3187 2217 3137 1497 3122 
3091 6 6 1 1 1 
3092 856 1021 6 2 1 
3093 4 4 4 4 4 
3094 3 3 3 3 3 
3095 628 721 771 1621 1716 
3096 3189 2219 3144 1504 3124 
3097 808 963 3 34 28 
3098 12 12 17 12 12 
3099 1968 2198 3 13 8 
3100 1956 2186 2921 2806 2196 
3102 2992 2242 2632 1692 3292 
3103 860 1020 235 16 20 
3104 866 1026 41 17 16 
3105 3 3 3 3 3 
3106 7 7 7 7 7 
3107 653 756 6 51 71 
3108 632 745 255 20 20 
3109 1983 2208 2928 2808 2198 
3110 3194 2184 3139 1509 3139 
3111 1957 2187 2937 2817 2207 
3112 6 6 1 1 1 
3113 642 765 280 15 20 
3115 8 8 13 13 13 
3116 10 10 0 0 0 
3117 1752 970 1560 50 40 
3118 1922 2142 2 12 2 
3120 649 787 312 12 17 
3121 7 7 2 2 2 
3122 631 744 799 1614 1709 
3123 640 748 263 18 23 
3124 2922 2222 2612 1687 3297 
3125 0 0 0 0 0 
3126 3180 2235 1430 1490 3110 
3127 6 6 6 6 6 
3128 1994 2194 2944 2819 2209 
3129 3181 2251 3141 1506 3116 
3130 1922 2157 2047 17 2 
3131 1634 1024 689 805 404 
3132 0 0 0 0 0 
3133 677 770 540 805 525 
3134 686 779 339 29 29 
3135 3188 2203 3138 1493 3123 
3136 868 1028 238 4 8 
3137 819 989 4 15 14 
3138 1992 2227 2942 2812 2197 
3139 2934 2224 2619 1689 3289 
3140 0 0 0 0 0 
3141 1939 2164 2099 24 14 
3142 1993 2213 2943 2813 2203 
3143 695 783 353 48 38 
3144 5 5 0 0 0 
3145 1960 2181 1958 2831 2216 
3147 1680 1023 1513 48 43 
3148 2001 2246 2181 1 1 
3149 2 2 2 2 2 
3150 686 804 384 49 49 
3151 8 8 3 3 3 
3153 607 735 1580 10 15 
3154 612 740 0 5 10 
3155 2017 2257 22 27 32 
3156 1728 1001 1546 46 41 
3157 1733 1006 1551 66 51 
3158 3177 2227 2192 1487 3112 
3159 688 796 616 801 531 
3160 707 800 660 810 545 
3161 0 0 0 0 0 
3162 11 11 1 1 1 
3164 711 819 394 44 49 
3165 692 815 5 30 30 
3166 0 0 0 0 0 
3167 1953 2188 2923 2803 2203 
3168 1668 1041 1516 41 56 
3169 1990 2225 2940 2805 2190 
3171 1997 2257 2937 2802 2187 
3172 2005 2260 2945 2805 2190 
3173 859 1034 249 5 4 
3174 2036 2266 2201 21 26 
3176 1728 1021 1551 66 56 
3177 619 774 4 4 10 
3178 2039 2284 2214 19 29 
3179 1593 1033 623 794 393 
3180 1959 2189 1931 2814 2204 
3182 3168 2253 3128 1493 3108 
3183 696 824 784 1569 1679 
3184 3076 2321 2601 1641 3251 
3185 1977 2207 2157 17 12 
3186 12 12 7 7 3 
3187 874 1044 69 5 19 
3188 649 787 2 22 27 
3189 693 821 1541 36 46 
3190 3034 2284 2624 1664 3264 
3191 3 3 3 3 3 
3192 656 794 4 24 44 
3193 2068 2313 1033 23 28 
3194 1990 2210 1005 15 10 
3195 3174 2264 3134 1494 3104 
3196 1654 1049 719 790 509 
3199 2023 2288 1875 2803 2188 
3201 2042 2302 2 2 17 
3202 671 804 574 789 509 
3203 4 9 4 4 4 
3204 1667 1037 767 778 507 
3205 2035 2290 2940 2790 2180 
3206 0 0 0 0 0 
3207 705 838 663 773 673 
3208 679 812 352 27 17 
3210 13 13 8 8 8 
3211 687 815 625 790 520 
3212 2050 2305 2945 2795 2180 
3213 705 833 1533 48 38 
3214 1702 1030 1540 60 45 
3215 715 848 1538 53 48 
3217 0 0 0 0 0 
3219 867 1037 232 3 7 
3220 1995 2230 2165 0 0 
3221 693 821 1541 31 31 
3222 2038 2298 998 33 13 
3223 3 3 3 3 3 
3225 1998 2238 1895 2793 2193 
3226 2 2 2 2 2 
3227 872 1052 242 3 7 
3229 14 14 4 4 4 
3230 3154 2294 3124 1474 3084 
3231 728 861 401 46 56 
3232 2051 2306 1026 31 21 
3233 860 1025 5 1 5 
3234 857 1027 1397 1408 1467 
3235 711 839 364 4 44 
3236 8 8 3 3 8 
3238 3 3 3 3 3 
3241 1999 2264 4 4 4 
3242 2071 2321 2951 2791 2171 
3244 2059 2309 2949 2794 2174 
3245 2078 2333 2958 2798 2178 
3246 701 829 1544 49 49 
3247 724 857 372 2 52 
3248 853 1028 3 4 3 
3249 0 0 0 0 0 
3250 3138 2318 3113 1468 3068 
3251 2003 2268 1875 2783 2183 
3252 2008 2273 2943 2798 2188 
3253 2013 2278 2178 3 3 
3254 706 839 799 1554 1664 
3255 0 0 0 0 0 
3256 862 1037 42 8 7 
3257 2019 2279 4 9 14 
3258 729 862 662 742 642 
3259 3135 2325 3115 1465 3065 
3260 3 3 3 3 3 
3261 2076 2331 1823 2786 2171 
3262 4 4 4 4 4 
3263 735 873 388 18 33 
3265 703 831 1 41 21 
3267 2087 2337 2947 2787 2172 
3268 3132 2327 1387 1462 3062 
3269 5 5 10 10 10 
3270 2031 2286 2936 2786 2181 
3271 709 837 1537 52 42 
3272 867 1032 232 3 2 
3273 2035 2290 980 35 10 
3274 0 0 0 0 0 
3275 749 882 402 52 47 
3276 7 7 2 2 2 
3277 5 5 0 0 0 
3278 2109 2334 2989 2814 2199 
3279 0 0 0 0 0 
3280 18 18 8 8 8 
3281 2084 2329 2944 2789 2169 
3283 878 1048 48 9 23 
3284 0 0 0 0 0 
3285 720 853 4 63 48 
3286 2080 2325 1807 2775 2165 
3288 737 875 790 1500 1615 
3289 733 866 646 746 646 
3290 4 4 4 4 4 
3291 2053 2308 2203 3 23 
3293 2060 2310 2945 2790 2175 
3294 2089 2334 2954 2794 2174 
3295 0 0 0 0 0 
3296 3045 2365 2550 1585 3195 
3297 758 896 1486 46 31 
3298 2088 2343 1003 3 3 
3299 0 0 4 0 0 
3300 736 874 4 49 44 
3302 3106 2341 1361 1431 3031 
3303 2105 2355 1797 2790 2175 
3304 3050 2375 2585 1590 3200 
3305 2110 2360 2955 2785 2170 
3306 1553 1011 1421 6 1 
3307 762 900 430 40 30 
3308 2106 2356 2956 2791 2176 
3309 749 872 407 37 32 
3310 1620 1010 715 736 640 
3311 2070 2325 1490 2775 2170 
3312 2108 2358 2983 2803 2188 
3313 0 0 0 0 0 
3314 13 13 8 8 3 
3315 754 892 647 697 602 
3318 0 0 0 0 0 
3319 2119 2369 1786 2804 2184 
3320 742 880 0 35 40 
3321 2122 2372 2982 2797 2187 
3322 2143 2393 1048 3 8 
3323 2 2 2 2 2 
3324 0 0 0 0 0 
3325 0 0 0 0 0 
3326 14 14 4 4 4 
3327 761 904 649 684 599 
3328 0 0 0 0 0 
3329 3009 2419 2599 2144 3154 
3330 749 877 2 32 32 
3331 1 1 1 1 1 
3332 764 902 437 17 7 
3334 2083 2328 1548 2783 2168 
3336 0 0 0 0 0 
3337 2169 2414 1054 9 4 
3338 2126 2366 1026 6 6 
3339 754 877 787 1482 1597 
3341 852 1012 2 3 2 
3342 2087 2337 2957 2792 2172 
3343 0 0 0 0 0 
3344 1601 1014 1464 19 14 
3345 763 901 2 36 53 
3346 2093 2348 1795 2773 2173 
3347 4 4 4 2 2 
3348 854 1014 209 0 4 
3349 2096 2351 1036 6 6 
3350 2125 2370 1650 2795 2170 
3351 1553 1018 668 674 588 
3352 2129 2374 1669 2799 2174 
3353 2138 2378 2958 2773 2178 
3354 2185 2435 1070 5 0 
3356 775 923 3 43 28 
3357 760 898 793 1473 1588 
3359 4 4 4 4 4 
3360 848 1008 223 9 13 
3361 852 1012 42 3 2 
3362 2148 2378 1683 2798 2183 
3364 855 1015 1305 1306 1365 
3366 3027 2432 2987 1352 2952 
3367 2108 2358 2163 3 3 
3368 2155 2405 2955 2800 2175 
3369 760 903 443 8 13 
3370 4 4 4 4 4 
3371 0 0 0 0 0 
3372 7 7 7 7 7 
3373 1 1 1 1 1 
3374 3041 2386 3011 1366 2966 
3375 778 931 781 1431 1546 
3376 852 1017 2 3 7 
3377 3044 2389 1999 1369 2969 
3378 762 905 660 680 595 
3379 2198 2458 1093 13 3 
3380 2179 2429 2964 2804 2179 
3381 6 6 6 4 4 
3382 0 0 0 3 0 
3383 779 932 447 17 22 
3384 2158 2413 1735 2798 2173 
3385 855 1015 1280 1276 1335 
3386 3027 2457 1287 1352 2957 
3387 3038 2413 2008 1368 2963 
3388 0 0 0 0 0 
3390 755 898 3 3 43 
3391 776 934 469 14 19 
3392 786 939 784 1419 1534 
3393 5 5 0 5 5 
3394 4 4 4 4 5 
3395 2157 2422 2952 2797 2172 
3396 4 4 4 4 4 
3397 2116 2361 1768 2791 2171 
3399 2120 2370 1635 2795 2175 
3400 2128 2373 1048 8 8 
3402 1489 1027 1372 12 47 
3403 0 0 0 0 0 
3404 2197 2452 2982 2822 2177 
3405 0 0 0 0 0 
3406 8 3 3 3 3 
3407 765 913 1453 13 3 
3408 4 4 4 4 4 
3409 2190 2440 2970 2805 2180 
3410 884 1034 54 10 9 
3411 12 12 7 22 22 
3412 2 2 7 41 6 
3413 768 916 1456 16 6 
3414 1543 1018 673 669 578 
3415 2962 2452 2557 2367 3102 
3416 12 12 27 7 7 
3418 16 16 6 26 26 
3419 2127 2382 7 2 7 
3420 2196 2446 2981 2816 2181 
3422 779 932 1452 12 7 
3423 0 0 2 1 1 
3424 16 16 6 26 26 
3425 0 0 0 0 0 
3426 782 935 0 0 10 
3428 869 1019 1274 1265 1324 
3429 2136 2381 2956 2801 2171 
3431 1480 1038 1368 8 38 
3432 2201 2461 1 31 26 
3433 3014 2444 1989 1339 2939 
3435 791 959 1404 4 4 
3436 1538 1006 1401 6 1 
3437 3018 2448 2978 1343 2948 
3438 10 10 10 8 8 
3439 2141 2391 1738 2796 2171 
3440 2146 2396 1 1 6 
3441 2151 2401 2141 6 11 
3442 12 12 2 2 2 
3443 2160 2410 2155 15 20 
3444 861 1026 1276 1257 1316 
3445 777 945 1440 15 20 
3446 2997 2462 2942 1332 2932 
3448 1488 1033 648 614 523 
3450 2952 2452 2547 2417 3082 
3451 2960 2465 2575 2650 3090 
3452 858 1018 13 9 3 
3453 0 0 0 0 0 
3454 778 941 656 636 546 
3455 7 12 2 7 7 
3456 3022 2462 1282 1347 2947 
3457 2162 2427 1734 2807 2177 
3458 785 948 6 16 16 
3459 1 1 1 1 1 
3460 1 1 1 1 1 
3462 14 9 4 9 9 
3463 0 0 0 0 0 
3464 0 0 0 0 0 
3465 14 19 9 9 9 
3466 2175 2425 2955 2795 2175 
3467 787 945 465 10 10 
3469 855 1015 1275 1266 1325 
3470 0 0 0 0 0 
3471 0 0 0 0 0 
3472 9 9 9 4 4 
3474 1472 1037 687 608 517 
3475 2194 2444 1094 14 4 
3476 2196 2446 2976 2811 2181 
3477 1510 1023 1393 13 53 
3479 1476 1036 701 612 521 
3480 828 996 446 1 6 
3481 2195 2455 1667 2750 2140 
3482 2979 2469 2919 1319 2909 
3483 1476 1036 716 617 521 
3484 2197 2457 1102 17 7 
3485 832 1000 1385 10 25 
3486 2939 2499 2559 2859 3064 
3487 2189 2469 2919 2754 2119 
3488 2194 2459 1669 2749 2134 
3489 888 1038 3 4 3 
3490 788 956 4 4 44 
3491 1 1 1 1 1 
3492 802 960 655 605 515 
3493 861 1026 6 2 1 
3494 2198 2458 3 18 3 
3495 2199 2459 1104 24 9 
3496 0 0 0 0 0 
3498 1485 1023 1368 8 33 
3499 0 0 0 0 0 
3500 0 0 0 0 0 
3501 837 1005 710 585 495 
3502 5 5 5 5 5 
3503 807 955 8 3 48 
3505 0 0 0 0 0 
3506 811 974 12 12 62 
3507 2196 2456 2931 2761 2126 
3508 8 8 3 3 3 
3509 1485 1023 1368 8 43 
3510 812 975 445 10 5 
3511 2200 2480 2925 2750 2120 
3512 0 0 0 0 0 
3514 815 988 658 593 503 
3515 4 4 4 4 4 
3516 2981 2461 1261 1316 2911 
3517 4 4 39 9 9 
3518 0 0 0 0 0 
3519 2198 2458 3 3 3 
3520 874 1034 1259 1240 1299 
3521 887 1042 1267 1248 1307 
3522 2 7 2 2 2 
3523 2201 2476 2926 2751 2116 
3524 2198 2478 1658 2728 2118 
3525 6 6 11 11 11 
3526 819 992 2 17 37 
3527 2205 2495 2975 2805 2140 
3529 2949 2494 1239 1294 2884 
3530 6 6 1 1 1 
3531 907 1047 2 3 2 
3532 822 995 1385 0 0 
3533 10 10 10 10 10 
3534 1413 1061 1296 41 6 
3536 898 1033 1238 1219 1283 
3537 10 15 5 10 10 
3538 9 9 4 9 9 
3539 850 1003 453 28 53 
3540 6 6 1 6 6 
3541 840 998 8 33 58 
3542 2206 2481 1686 2746 2126 
3543 829 997 1382 2 12 
3544 0 0 5 5 5 
3545 5 5 0 0 0 
3546 4 7 2 2 7 
3547 8 8 8 8 8 
3548 840 983 753 1313 1433 
3549 836 1004 459 4 19 
3550 2965 2485 1910 1310 2900 
3551 6 11 6 1 1 
3552 898 1048 118 9 8 
3553 0 0 0 0 0 
3554 2963 2488 1253 1308 2898 
3555 2935 2525 1230 1280 2870 
3556 6 6 6 6 6 
3557 2223 2513 2978 2808 2138 
3558 2937 2527 1232 1282 2872 
3559 2188 2453 3 3 8 
3560 2207 2497 2917 2742 2112 
3561 6 6 6 6 6 
3564 0 5 0 0 0 
3565 879 1029 4 0 4 
3567 2223 2518 53 53 18 
3568 1453 1031 1341 16 41 
3569 6 11 1 6 1 
3570 857 1010 500 20 35 
3571 2224 2514 2904 2724 2114 
3574 0 0 0 0 0 
3575 7 7 2 2 2 
3576 2894 2564 2524 2874 2999 
3578 817 985 450 0 5 
3579 2193 2473 1088 13 3 
3580 2197 2477 2 2 7 
3581 2210 2500 1690 2735 2105 
3583 0 0 0 0 0 
3584 2 7 52 52 27 
3585 0 0 0 0 0 
3586 0 0 0 0 0 
3587 2229 2514 1719 2734 2114 
3588 823 991 691 551 466 
3589 0 0 0 0 0 
3590 0 0 0 0 0 
3591 4 4 4 4 4 
3592 855 1028 1323 18 43 
3593 0 5 0 0 0 
3595 2230 2520 2905 2735 2115 
3596 893 1043 1228 1209 1278 
3597 2286 2581 1086 31 26 
3598 11 11 11 6 6 
3599 841 1019 454 4 34 
3600 856 1024 474 9 39 
3601 2193 2488 3 3 3 
3602 2245 2555 45 45 45 
3603 858 1026 511 21 46 
3605 912 1052 1207 1188 1262 
3606 0 0 0 0 0 
3607 828 1016 6 16 36 
3608 2238 2533 2918 2738 2123 
3609 8 8 8 8 8 
3610 6 11 6 6 6 
3611 2201 2491 1656 2711 2111 
3612 2240 2535 1725 2740 2125 
3613 1361 1089 1274 14 4 
3614 7 7 7 7 7 
3615 898 1053 3 4 3 
3616 833 1016 461 1 11 
3617 0 0 0 0 0 
3618 9 9 29 9 4 
3619 3 3 3 3 3 
3620 13 13 6 6 8 
3621 17 17 7 17 17 
3623 0 0 0 0 0 
3624 902 1052 1227 1208 1282 
3625 2320 2595 1125 35 30 
3626 924 1054 124 5 4 
3628 2259 2559 2914 2744 2129 
3629 2255 2535 1755 2740 2125 
3630 908 1053 23 4 3 
3631 2268 2573 2078 48 43 
3633 2256 2546 1771 2746 2126 
3634 2271 2551 2931 2761 2141 
3635 2925 2540 1860 1275 2860 
3636 2277 2557 2947 2772 2142 
3638 2328 2598 1143 33 33 
3639 2201 2496 1676 2726 2106 
3640 1 4 4 4 4 
3641 833 1006 676 521 436 
3642 4 4 4 4 4 
3643 2203 2498 3 13 3 
3644 0 0 0 0 0 
3645 4 4 4 4 4 
3646 835 1018 1333 3 28 
3647 2215 2505 1710 2740 2110 
3648 2220 2510 5 15 10 
3649 911 1041 1196 1172 1251 
3650 2278 2568 1818 2768 2143 
3651 851 1029 709 499 414 
3652 0 0 0 0 5 
3653 868 1056 1 6 21 
3654 2879 2609 2779 1234 2824 
3655 1 1 1 1 1 
3656 861 1034 529 9 29 
3657 920 1055 1210 1191 1265 
3659 3 3 3 3 3 
3660 868 1036 736 496 416 
3661 888 1056 1291 11 31 
3663 2904 2574 1854 1259 2849 
3665 2876 2616 2781 1236 2826 
3666 0 0 1 1 1 
3667 1 1 1 1 1 
3668 2290 2585 1110 5 5 
3669 854 1027 672 502 417 
3670 0 0 0 0 0 
3671 2320 2615 1165 20 25 
3673 2228 2528 2908 2733 2113 
3674 4 4 4 4 4 
3675 885 1048 538 23 33 
3676 905 1053 778 503 423 
3677 2295 2600 2050 25 20 
3678 2300 2590 1835 2770 2140 
3679 1357 1042 687 503 417 
3680 3 3 3 3 3 
3681 11 11 2 2 2 
3682 0 0 0 0 0 
3683 0 0 0 0 0 
3685 850 1028 698 498 413 
3687 2235 2530 0 0 0 
3688 2868 2623 1188 1233 2818 
3689 2872 2632 2772 1537 2827 
3691 2241 2541 1731 2731 2116 
3692 0 0 0 0 0 
3693 900 1078 773 488 408 
3694 0 0 0 0 0 
3695 848 1026 491 1 16 
3696 853 1031 721 496 411 
3697 2252 2562 1782 2747 2122 
3698 898 1076 741 1211 1341 
3699 852 1040 505 0 15 
3700 2846 2636 2471 2926 2936 
3701 2261 2571 1076 1 1 
3702 2320 2620 1865 2760 2130 
3703 1370 1063 1258 8 3 
3704 0 0 0 0 0 
3705 866 1044 714 1224 1354 
3706 0 0 0 0 0 
3707 892 1065 1260 5 5 
3708 2273 2578 1788 2743 2128 
3709 1303 1211 1226 86 61 
3710 4 4 9 9 4 
3711 9 9 4 4 9 
3712 1311 1076 781 482 401 
3713 872 1065 725 1220 1350 
3714 2311 2636 1 11 21 
3715 2276 2581 1821 2756 2131 
3716 879 1067 2 2 17 
3717 1328 1073 738 484 408 
3719 910 1040 125 6 10 
3720 1 1 1 1 1 
3721 2312 2627 2887 2747 2117 
3722 895 1073 1263 48 33 
3723 2282 2587 2922 2757 2132 
3724 0 0 0 0 0 
3725 2854 2639 1169 1704 2814 
3726 893 1071 746 481 401 
3727 2864 2619 1179 1224 2814 
3729 947 1077 2 13 12 
3730 2288 2593 2923 2763 2133 
3731 956 1086 11 72 26 
3732 2857 2642 2477 2917 2927 
3733 910 1088 8 48 108 
3734 2856 2641 2741 2006 2816 
3735 9 9 4 14 14 
3736 2865 2645 2750 2020 2820 
3738 2298 2598 2923 2768 2138 
3739 0 0 0 0 0 
3740 2300 2600 5 5 10 
3741 2312 2637 2867 2732 2097 
3742 6 6 6 1 1 
3743 945 1055 1170 1141 1240 
3744 5 5 0 0 0 
3745 2868 2633 1188 1603 2823 
3746 2316 2641 1176 16 26 
3747 1313 1078 778 489 408 
3749 2874 2634 1799 1679 2829 
3750 896 1074 769 454 374 
3751 15 15 20 5 5 
3752 0 0 0 0 0 
3754 1276 1209 1209 69 44 
3755 2300 2605 1835 2760 2130 
3756 2 2 2 2 2 
3757 0 0 0 0 0 
3758 2316 2646 1836 2736 2101 
3759 5 5 0 0 0 
3760 898 1091 776 451 371 
3761 4 4 4 4 4 
3762 2304 2609 1849 2759 2129 
3763 945 1128 1248 43 28 
3764 1337 1135 1245 20 5 
3765 2311 2611 1 26 16 
3766 952 1052 137 3 2 
3767 2299 2644 2844 2714 2079 
3768 15 15 25 5 5 
3769 0 0 0 0 0 
3770 908 1038 108 4 8 
3771 1 1 1 1 1 
3772 2319 2619 1154 24 24 
3773 901 1089 794 449 369 
3774 960 1050 195 11 5 
3776 1337 1140 1240 30 25 
3777 1342 1145 1245 55 35 
3778 2 2 2 2 2 
3779 11 6 6 6 6 
3780 2823 2698 2433 2873 2888 
3782 10 10 0 10 10 
3783 956 1134 9 99 89 
3784 8 8 3 3 3 
3785 2307 2642 2852 2727 2087 
3786 6 6 6 6 6 
3787 0 5 0 0 0 
3788 2827 2667 2437 2882 2892 
3789 3 8 3 3 3 
3792 0 0 0 0 0 
3793 1 1 1 1 1 
3794 968 1118 18 44 18 
3795 2313 2653 2848 2738 2093 
3796 959 1089 189 15 4 
3798 2839 2689 2724 2389 2784 
3800 922 1052 2 8 2 
3801 0 0 0 0 0 
3802 2842 2702 1147 2652 2792 
3803 2311 2651 1176 6 6 
3804 929 1054 114 0 4 
3805 2844 2709 1149 2669 2799 
3806 927 1135 725 1145 1290 
3807 2320 2660 1850 2745 2090 
3808 2338 2668 3 3 3 
3809 5 5 0 0 0 
3810 1246 1151 791 427 346 
3811 1272 1107 782 458 367 
3812 971 1116 16 32 11 
3813 906 1094 1244 4 4 
3814 989 1187 1232 37 27 
3815 909 1097 2 7 27 
3816 0 0 0 0 0 
3817 6 6 6 6 6 
3818 969 1192 492 22 17 
3819 2818 2693 2423 2863 2878 
3820 3 3 3 3 3 
3821 921 1114 1244 29 9 
3822 926 1124 464 39 14 
3823 2836 2726 2716 2736 2796 
3824 929 1132 2 7 37 
3825 923 1058 3 49 13 
3826 2347 2682 2822 2742 2097 
3827 6 6 6 6 6 
3828 933 1136 6 11 76 
3829 2824 2714 2449 2874 2889 
3830 927 1062 7 63 32 
3831 2834 2669 2724 2139 2794 
3832 951 1169 484 24 14 
3833 945 1080 140 11 5 
3834 2326 2666 1851 2736 2081 
3835 6 6 6 1 1 
3836 0 0 0 0 0 
3837 965 1173 733 1133 1278 
3838 9 9 4 14 14 
3839 979 1104 1144 1100 1204 
3840 2363 2733 1193 3 3 
3841 978 1191 816 421 341 
3842 998 1206 1221 26 26 
3845 2344 2664 2819 2714 2084 
3846 2358 2673 2833 2738 2093 
3847 1 1 1 1 1 
3848 5 5 5 5 5 
3849 986 1199 824 419 339 
3850 2834 2684 2714 2244 2779 
3851 1 1 6 1 1 
3852 2359 2729 2819 2739 2084 
3853 2820 2735 1135 2795 2790 
3854 2306 2646 1821 2726 2086 
3855 2311 2651 1836 2731 2091 
3856 2 2 2 2 2 
3857 929 1147 777 422 342 
3858 2359 2724 2814 2734 2079 
3859 978 1118 28 14 8 
3860 992 1210 745 1125 1270 
3861 4 4 4 4 4 
3862 0 0 0 0 0 
3863 1207 1205 1140 25 10 
3864 990 1145 75 31 20 
3865 935 1153 733 1143 1288 
3866 1255 1160 805 431 350 
3868 2372 2727 17 17 17 
3869 945 1163 448 13 3 
3870 947 1165 465 20 5 
3871 991 1146 81 52 51 
3872 969 1114 184 0 4 
3873 2312 2652 1212 12 12 
3874 955 1173 8 68 53 
3875 2316 2656 1836 2721 2086 
3876 2363 2723 2813 2733 2078 
3877 0 0 0 0 0 
3878 2368 2738 2808 2728 2073 
3879 992 1147 22 23 22 
3880 14 14 24 24 24 
3881 2322 2662 7 2 2 
3882 18 18 3 3 3 
3883 984 1202 742 1112 1257 
3885 954 1177 1227 22 17 
3886 959 1182 7 67 52 
3887 10 5 5 5 5 
3888 991 1204 1199 4 24 
3889 984 1124 1124 1085 1199 
3890 2371 2741 2816 2726 2071 
3891 1243 1198 798 414 333 
3892 14 14 4 4 4 
3893 960 1105 195 6 0 
3894 0 0 5 5 5 
3895 5 5 0 0 0 
3896 9 9 9 9 9 
3897 2382 2737 2812 2737 2082 
3898 0 0 0 0 0 
3899 986 1204 489 4 24 
3900 961 1111 16 52 6 
3901 16 16 16 16 16 
3902 986 1199 734 1124 1269 
3903 0 0 0 0 0 
3904 2376 2741 2811 2731 2076 
3905 2386 2746 61 46 11 
3906 990 1203 3 63 53 
3907 2820 2730 1120 2795 2785 
3908 2327 2677 1857 2732 2077 
3909 0 0 0 0 0 
3910 988 1143 8 14 13 
3911 967 1117 2 3 2 
3914 990 1208 498 38 28 
3915 2 2 12 12 12 
3916 7 7 2 2 2 
3917 2346 2706 2821 2711 2081 
3918 7 7 7 7 7 
3919 998 1221 796 376 296 
3920 7 7 2 2 2 
3921 995 1213 493 18 23 
3922 2350 2715 0 0 0 
3923 4 4 0 0 4 
3924 2780 2750 2645 2770 2760 
3925 2811 2741 1676 2791 2786 
3926 2351 2716 1 1 1 
3927 0 0 0 0 0 
3928 2354 2719 2819 2734 2084 
3929 987 1205 810 395 315 
3930 0 0 0 0 0 
3931 991 1209 479 9 19 
3932 2357 2722 1957 2 2 
3934 0 0 0 0 0 
3935 5 5 0 5 5 
3936 2401 2751 1156 6 6 
3937 7 7 7 7 7 
3938 2386 2751 2801 2721 2066 
3939 2392 2757 2807 2727 2072 
3940 2 2 2 2 12 
3941 2806 2756 1121 2786 2781 
3942 976 1126 191 2 1 
3944 0 0 0 0 0 
3947 2404 2754 1924 14 14 
3948 0 0 0 0 0 
3949 1185 1218 785 356 275 
3951 1151 1149 1079 4 4 
3952 994 1217 1197 22 32 
3953 973 1118 13 19 3 
3954 3 0 3 3 3 
3955 1004 1217 722 1062 1207 
3956 2392 2752 2787 2712 2057 
3957 2384 2744 2794 2714 2059 
3958 4 4 4 14 4 
3959 2752 2752 2622 2752 2732 
3960 2387 2747 1772 2647 2062 
3961 7 7 7 7 7 
3962 984 1144 44 5 19 
3963 994 1217 2 17 32 
3964 4 4 4 4 4 
3965 981 1136 1076 1037 1151 
3966 0 0 0 0 0 
3967 0 0 4 0 0 
3968 989 1144 9 10 9 
3970 993 1201 6 31 31 
3971 0 0 0 0 0 
3972 990 1145 130 6 0 
3973 3 3 3 3 3 
3974 1197 1200 1130 10 0 
3975 2406 2756 1776 2706 2061 
3976 995 1213 3 13 33 
3977 993 1158 138 14 13 
3978 11 11 11 11 11 
3979 0 0 0 0 0 
3980 2401 2751 2776 2701 2051 
3981 3 3 3 3 3 
3982 976 1146 1096 1057 1171 
3983 3 3 3 3 7 
3984 994 1202 477 7 2 
3985 984 1139 9 10 9 
3986 2755 2755 2430 2765 2765 
3987 2365 2750 2795 2720 2065 
3988 2743 2743 1068 2738 2723 
3989 2377 2752 1917 2 2 
3990 1127 1140 1065 15 15 
3991 2 2 2 2 2 
3992 1010 1223 718 1068 1213 
3993 0 0 0 0 1 
3994 8 8 13 13 13 
3995 995 1160 1070 1026 1140 
3996 995 1208 708 1038 1183 
3997 2406 2756 1171 6 6 
3998 2739 2739 2604 2734 2724 
3999 5 5 5 5 5 
4000 8 8 3 3 3 
